20 1 4990.51998
20 1.2 333.7558897
20 1.4 371.4453075
20 1.6 433.2778515
20 1.8 485.7104234
20 2 526.2992571
20 2.2 551.7069512
20 2.4 605.1413801
20 2.6 661.1393278
20 2.8 715.1916546
20 3 727.5622139
20 3.2 824.7423265
20 3.4 833.3505008
20 3.6 889.5269537
20 3.8 984.9823666
20 4 975.6097561
20 4.2 973.8433411
20 4.4 2471.559755
20 4.6 4238.009649
20 4.8 3771.778166
20 5 4081.948203
20 5.2 3512.974052
20 5.4 6140.054477
20 5.6 2769.875068
20 5.8 2461.926931
20 6 4302.325581
20 6.2 5607.906851
20 6.4 2072.066296
20 6.6 6448.78397
20 6.8 6000
20 7 1845.356521
20 7.2 1174.311927
20 7.6 1586.885537
20 7.8 4678.433611
20 8 3075.601531
20 8.2 2633.753204
20 8.4 1573.139452
20 8.6 2210.401891
20 8.8 6915.068771
20 9 3595.505618
20 9.2 6324.112484
20 9.4 3529.411765
20 9.6 1867.70428
20 9.8 5407.260001
20 10 3070.720697
20.5 1 5006.290553
20.5 1.2 328.9006749
20.5 1.4 378.9914945
20.5 1.6 420.1359068
20.5 1.8 487.804878
20.5 2 515.140493
20.5 2.2 564.4309116
20.5 2.4 605.5560636
20.5 2.6 660.6043149
20.5 2.8 708.0303572
20.5 3 711.7253835
20.5 3.2 824.7425824
20.5 3.4 797.5040581
20.5 3.6 898.8988588
20.5 3.8 987.654321
20.5 4 942.27816
20.5 4.2 975.6097561
20.5 4.4 5738.334156
20.5 4.6 4192.139738
20.5 4.8 2484.323679
20.5 5 2482.708387
20.5 5.2 5123.674912
20.5 5.4 2411.439531
20.5 5.6 5007.023619
20.5 5.8 2201.953346
20.5 6 3481.766538
20.5 6.2 4130.843974
20.5 6.4 1304.347826
20.5 6.6 2382.373193
20.5 6.8 2077.360022
20.5 7 5222.967065
20.5 7.2 1741.876379
20.5 7.4 2488.640488
20.5 7.6 2421.290659
20.5 7.8 6087.376805
20.5 8 624.8022411
20.5 8.2 2884.555436
20.5 8.4 3801.882865
20.5 8.6 3230.148048
20.5 8.8 2011.771823
20.5 9 1639.169771
20.5 9.2 2299.515944
20.5 9.4 1916.723852
20.5 9.6 3341.33278
20.5 9.8 2481.41604
20.5 10 5796.001807
21 1 284.4576724
21 1.2 331.2541077
21 1.4 378.4895809
21 1.6 430.5948795
21 1.8 475.9764317
21 2 527.3699983
21 2.2 555.4888237
21 2.4 614.7908722
21 2.6 649.0506992
21 2.8 707.1852286
21 3 707.0248264
21 3.2 824.742268
21 3.4 816.3265306
21 3.6 921.528311
21 3.8 975.6097561
21 4 984.9581172
21 4.2 988.2289569
21 4.4 4509.15923
21 4.6 1664.35811
21 4.8 2299.543337
21 5 4972.950714
21 5.2 2205.820411
21 5.4 2048.87218
21 5.6 2403.146264
21 5.8 2778.167283
21 6 1922.499249
21 6.2 3234.125772
21 6.4 2706.131078
21 6.6 1630.573248
21 6.8 2132.302774
21 7 2796.091286
21 7.2 3388.216084
21 7.4 3489.871279
21 7.6 1113.579756
21 7.8 2153.485357
21 8 1527.35112
21 8.2 2301.330457
21 8.4 6013.475601
21 8.6 3932.91512
21 8.8 1019.10828
21 9 5991.837429
21 9.2 1967.945708
21 9.4 5018.152973
21 9.6 3168.41373
21 9.8 1733.188522
21 10 3336.301866
21.5 1.2 330.4376782
21.5 1.4 378.2510412
21.5 1.6 420.9296833
21.5 1.8 475.2089934
21.5 2 533.3333333
21.5 2.2 555.500721
21.5 2.4 610.1257207
21.5 2.6 668.5123495
21.5 2.8 708.44158
21.5 3 766.7202486
21.5 3.2 833.3410235
21.5 3.4 834.8169009
21.5 3.6 896.3751107
21.5 3.8 972.9905009
21.5 4 975.6097561
21.5 4.2 985.1272631
21.5 4.4 2664.714373
21.5 4.6 3179.130546
21.5 4.8 3812.647919
21.5 5 4229.894563
21.5 5.2 1383.730732
21.5 5.4 4556.962025
21.5 5.6 4252.491694
21.5 5.8 6128.654971
21.5 6 1854.266261
21.5 6.2 3948.296122
21.5 6.4 2061.045633
21.5 6.6 1242.505335
21.5 6.8 1070.641607
21.5 7 1532.614841
21.5 7.2 3308.481489
21.5 7.4 1307.163552
21.5 7.6 1675.196004
21.5 7.8 1712.374582
21.5 8 2253.615605
21.5 8.2 1701.44889
21.5 8.4 3221.138723
21.5 8.6 1826.835004
21.5 8.8 3189.747776
21.5 9 4143.337509
21.5 9.2 2146.826218
21.5 9.4 6098.29032
21.5 9.6 5792.396259
21.5 10 4974.18338
22 1.2 330.5900255
22 1.4 388.1873448
22 1.6 418.562695
22 1.8 478.6031636
22 2 538.2321654
22 2.2 555.2100345
22 2.4 625.5932311
22 2.6 667.3540523
22 2.8 707.2359565
22 3 741.161418
22 3.2 824.8044712
22 3.4 834.9199877
22 3.6 5607.017495
22 3.8 973.1745501
22 4 975.7146549
22 4.2 985.3236409
22 4.4 3805.837765
22 4.6 3375.737267
22 4.8 2603.773585
22 5 2465.287617
22 5.2 2631.578947
22 5.4 1683.440073
22 5.6 3572.093023
22 5.8 2517.207473
22 6 3116.927772
22 6.2 1127.415891
22 6.4 2490.639386
22 6.6 1255.076771
22 6.8 5373.503477
22 7 2379.111619
22 7.6 1816.376046
22 7.8 2500
22 8 2733.096085
22 8.2 2306.48498
22 8.4 2723.903363
22 8.6 2711.233239
22 8.8 4214.203964
22 9 1941.693532
22 9.2 2254.368256
22 9.4 2554.466474
22 9.6 4042.318017
22 9.8 1300.200212
22 10 1389.408175
22.5 1 282.225659
22.5 1.2 5004.172457
22.5 1.4 384.7876606
22.5 1.6 427.0529198
22.5 1.8 490.2765595
22.5 2 511.3903245
22.5 2.2 555.5436581
22.5 2.4 614.9093788
22.5 2.6 661.9025296
22.5 2.8 714.1593684
22.5 3 708.7005139
22.5 3.2 833.3502588
22.5 3.4 804.5277896
22.5 3.6 895.6647558
22.5 3.8 999.5527372
22.5 4 990.1722662
22.5 4.2 987.8692534
22.5 4.4 5500.52477
22.5 4.6 5805.731299
22.5 4.8 1947.097101
22.5 5 2196.569921
22.5 5.2 929.8946604
22.5 5.4 2558.635394
22.5 5.6 3516.045912
22.5 5.8 3460.843226
22.5 6 951.835924
22.5 6.2 6586.026836
22.5 6.4 4986.327478
22.5 6.6 3096.631883
22.5 6.8 995.9694649
22.5 7 3378.794545
22.5 7.2 3296.676598
22.5 7.4 2627.437564
22.5 7.6 8602.976476
22.5 7.8 2059.224094
22.5 8 1678.263459
22.5 8.2 1662.397481
22.5 8.4 2061.15403
22.5 8.6 4613.131929
22.5 8.8 1580.911233
22.5 9 1855.978289
22.5 9.2 2918.144315
22.5 9.4 3719.961856
22.5 9.6 3326.835608
22.5 9.8 2669.248529
22.5 10 2298.576647
23 1 4995.920156
23 1.2 327.8373634
23 1.4 387.5018677
23 1.6 430.0720826
23 1.8 490.5447644
23 2 523.1793122
23 2.2 555.4802945
23 2.4 615.3846154
23 2.6 668.4349516
23 2.8 714.1744809
23 3 763.2912804
23 3.2 826.2633896
23 3.4 817.5764244
23 3.6 898.9735896
23 3.8 984.7189374
23 4 1002.483499
23 4.2 970.8664606
23 4.4 2727.272727
23 4.6 4375.439869
23 4.8 2637.155639
23 5 3222.017117
23 5.2 1273.716012
23 5.4 2225.889943
23 5.6 5342.330469
23 5.8 4190.706367
23 6 1630.305219
23 6.2 2996.756208
23 6.4 1077.169521
23 6.6 2046.635576
23 6.8 2690.786979
23 7 4123.71134
23 7.2 3064.033513
23 7.4 3800.333572
23 7.6 1291.895604
23 7.8 3176.460639
23 8 4433.69369
23 8.2 1889.534884
23 8.4 3310.37939
23 8.6 1548.172651
23 8.8 5240.174672
23 9 5123.255629
23 9.2 2876.763641
23 9.4 4430.598823
23 9.6 1607.172818
23 9.8 3930.197269
23 10 2908.380764
23.5 1.2 330.0437636
23.5 1.4 390.5466399
23.5 1.6 430.0536967
23.5 1.8 488.6149842
23.5 2 519.4788361
23.5 2.2 555.4762012
23.5 2.4 620.6772865
23.5 2.6 693.5697366
23.5 2.8 714.1778163
23.5 3 759.0685906
23.5 3.2 826.2910649
23.5 3.4 835.0902465
23.5 3.6 902.7754769
23.5 3.8 999.7537903
23.5 4 1009.298618
23.5 4.2 987.8623473
23.5 4.4 3508.451348
23.5 4.6 4608.460846
23.5 4.8 3079.925335
23.5 5 3272.257445
23.5 5.2 8343.793213
23.5 5.4 3906.929852
23.5 5.6 5165.13427
23.5 5.8 3481.228669
23.5 6 3375.711205
23.5 6.2 1263.324122
23.5 6.4 3213.891546
23.5 6.6 3029.346797
23.5 6.8 4491.22807
23.5 7 3467.767969
23.5 7.2 4150.746735
23.5 7.4 3731.59144
23.5 7.6 4241.418518
23.5 7.8 3090.70944
23.5 8 3291.4416
23.5 8.2 6801.369224
23.5 8.4 3756.813417
23.5 8.6 3240.271425
23.5 8.8 3166.077739
23.5 9 1536.224525
23.5 9.2 2624.115287
23.5 9.4 2815.042446
23.5 9.6 1878.078869
23.5 9.8 4586.677786
23.5 10 2378.67775
24 1.2 328.7629239
24 1.4 386.4270889
24 1.6 428.0906942
24 1.8 479.5835882
24 2 527.2891481
24 2.2 555.7664631
24 2.4 614.340517
24 2.6 661.1987289
24 2.8 714.193965
24 3 746.4237086
24 3.2 824.7422628
24 3.4 818.5307393
24 3.6 898.8764034
24 3.8 975.5917044
24 4 978.1641286
24 4.2 2426.540284
24 4.4 4853.680701
24 4.6 1182.808859
24 4.8 1467.874794
24 5 3618.953937
24 5.2 1821.12888
24 5.4 2866.043614
24 5.6 3301.857267
24 5.8 3874.873865
24 6 2443.693694
24 6.2 1698.256255
24 6.4 5855.146125
24 6.6 2443.820225
24 6.8 2491.582416
24 7 4367.641687
24 7.2 2741.926896
24 7.4 2468.201487
24 7.6 2980.16449
24 7.8 3011.415662
24 8 2600.870827
24 8.2 3004.135568
24 8.4 4091.635589
24 8.6 1777.777778
24 8.8 2695.377781
24 9 2243.113608
24 9.2 3327.020036
24 9.4 4544.022887
24 9.6 5000
24 9.8 2807.370172
24 10 2153.766964
24.5 1 287.4118716
24.5 1.4 374.7943307
24.5 1.6 444.8716828
24.5 1.8 482.4116316
24.5 2 546.7007543
24.5 2.2 555.6010136
24.5 2.4 611.1784178
24.5 2.6 677.1762691
24.5 2.8 709.6636302
24.5 3 746.433089
24.5 3.2 826.1626104
24.5 3.4 833.3415487
24.5 3.6 885.1315044
24.5 3.8 975.6097561
24.5 4 999.574269
24.5 4.2 999.7530333
24.5 4.4 1642.790526
24.5 4.6 4648.813468
24.5 4.8 9479.049926
24.5 5 3102.850977
24.5 5.2 2081.896922
24.5 5.4 2388.505318
24.5 5.6 2263.501855
24.5 5.8 3298.969072
24.5 6 4998.915166
24.5 6.2 2737.257289
24.5 6.4 2465.17555
24.5 6.6 7667.731629
24.5 6.8 2152.253078
24.5 7 2900.210696
24.5 7.2 2316.185034
24.5 7.4 1924.950625
24.5 7.6 2458.386684
24.5 7.8 5621.122578
24.5 8 5000
24.5 8.2 4170.674942
24.5 8.4 3320.582428
24.5 8.6 4673.647198
24.5 8.8 2838.715895
24.5 9 1883.608129
24.5 9.2 2916.666667
24.5 9.4 1595.256414
24.5 9.6 3493.25286
24.5 9.8 3590.264066
24.5 10 6078.514141
25 1 290.9012562
25 1.4 378.9419376
25 1.6 430.1471543
25 1.8 466.8084071
25 2 522.3162035
25 2.2 555.4495564
25 2.4 626.123211
25 2.6 701.754386
25 2.8 714.1745635
25 3 745.2500717
25 3.2 824.7420091
25 3.4 833.3415303
25 3.6 962.5349851
25 3.8 975.6097542
25 4 963.9702278
25 4.2 1002.428631
25 4.4 1950.551533
25 4.6 2034.234948
25 4.8 1784.006093
25 5 2851.838099
25 5.2 4665.495002
25 5.4 4342.105263
25 5.6 4092.943935
25 5.8 4983.382132
25 6 2182.854529
25 6.2 5410.486735
25 6.4 3381.667152
25 6.6 2864.157119
25 6.8 2796.149733
25 7 4496.969697
25 7.2 2275.218486
25 7.4 1708.555734
25 7.6 1909.26041
25 7.8 5000
25 8 1645.739037
25 8.2 6829.610727
25 8.6 3681.225496
25 8.8 1329.74365
25 9 2981.219388
25 9.2 3035.976334
25 9.4 2403.906348
25 9.6 2220.504955
25 9.8 1632.653061
25 10 2837.193838
25.5 1.2 333.2174223
25.5 1.4 377.9565797
25.5 1.6 433.0383806
25.5 1.8 478.3697807
25.5 2 551.7241379
25.5 2.2 589.0830558
25.5 2.4 620.1551376
25.5 2.6 704.3334553
25.5 2.8 708.5131628
25.5 3 791.6046829
25.5 3.2 814.8464833
25.5 3.4 816.3265306
25.5 3.6 888.979752
25.5 3.8 975.6097561
25.5 4 959.8659259
25.5 4.2 1002.560347
25.5 4.4 5782.588842
25.5 4.6 2262.626263
25.5 4.8 3018.178777
25.5 5 3478.26087
25.5 5.2 1269.84127
25.5 5.4 1322.649772
25.5 5.6 5515.562511
25.5 5.8 1946.556917
25.5 6 2892.424602
25.5 6.2 4796.37604
25.5 6.4 3462.69244
25.5 6.6 3765.347885
25.5 6.8 1978.361669
25.5 7 6973.365617
25.5 7.2 5000
25.5 7.4 3000
25.5 7.6 1466.781708
25.5 7.8 3776.451438
25.5 8 4158.253111
25.5 8.2 1822.133895
25.5 8.4 2515.17631
25.5 8.6 2693.903319
25.5 8.8 1634.560098
25.5 9 1877.750611
25.5 9.2 1735.672866
25.5 9.4 2666.402143
25.5 9.6 3503.383259
25.5 9.8 4315.941463
25.5 10 4899.934929
26 1.2 335.70798
26 1.4 380.9852248
26 1.6 436.794636
26 1.8 478.6620611
26 2 541.2297921
26 2.2 555.463969
26 2.4 620.6868476
26 2.6 688.7305497
26 2.8 708.091057
26 3 762.0698577
26 3.2 816.3265306
26 3.4 816.3265306
26 3.6 908.8681061
26 3.8 975.8244475
26 4 1010.088202
26 4.2 987.8921376
26 4.4 4716.853254
26 4.6 3322.086686
26 4.8 3000
26 5 4444.444444
26 5.2 3146.108892
26 5.4 1842.52812
26 5.6 2440.216908
26 5.8 1698.25192
26 6 2997.370727
26 6.2 2987.861811
26 6.4 2387.836956
26 6.6 6492.094862
26 6.8 1864.30392
26 7 1666.666667
26 7.2 1970.607719
26 7.4 2718.249829
26 7.6 2492.979437
26 7.8 2032.204331
26 8 4361.152533
26 8.2 2902.811997
26 8.4 3393.111301
26 8.6 2406.015038
26 8.8 4157.358658
26 9 2383.11957
26 9.2 3092.226801
26 9.4 2561.389013
26 9.6 7200.176287
26 9.8 3079.507394
26 10 3520.825041
26.5 1.4 379.8008424
26.5 1.6 433.7354458
26.5 1.8 498.5040897
26.5 2 525.000878
26.5 2.2 559.7589981
26.5 2.4 615.3846154
26.5 2.6 677.1833034
26.5 2.8 708.021454
26.5 3 747.6635519
26.5 3.2 824.6488338
26.5 3.4 815.173935
26.5 3.6 898.6580956
26.5 3.8 972.9982106
26.5 4 1002.274773
26.5 4.2 975.6097561
26.5 4.4 5021.577089
26.5 4.6 2659.224688
26.5 4.8 3210.173007
26.5 5 3931.25072
26.5 5.2 4332.797786
26.5 5.4 4093.83467
26.5 5.6 5736.050368
26.5 5.8 3731.650785
26.5 6 2946.506869
26.5 6.2 1568.622532
26.5 6.4 4348.810872
26.5 6.6 3361.344538
26.5 6.8 3525.324557
26.5 7 1908.596913
26.5 7.2 3453.6862
26.5 7.4 2572.796171
26.5 7.6 4520.467699
26.5 7.8 4987.312122
26.5 8 1596.950293
26.5 8.2 2903.317267
26.5 8.4 6099.032932
26.5 8.6 3846.153846
26.5 8.8 1311.283477
26.5 9 2413.204428
26.5 9.2 3860.786301
26.5 9.4 2562.194444
26.5 9.6 3085.351311
26.5 9.8 4499.352885
26.5 10 2710.092856
27 1.4 380.9600446
27 1.6 433.1364364
27 1.8 478.4940907
27 2 545.1777897
27 2.2 555.375973
27 2.4 620.1550388
27 2.6 670.8808102
27 2.8 708.1268448
27 3 745.3754779
27 3.2 815.0033629
27 3.4 834.9693484
27 3.6 914.1823285
27 3.8 999.7268027
27 4 966.1644191
27 4.2 973.221069
27 4.4 3933.481326
27 4.6 4432.494857
27 4.8 3690.532422
27 5 3087.39245
27 5.2 1384.514292
27 5.4 3346.248679
27 5.6 4122.383253
27 5.8 2298.601714
27 6 2757.432141
27 6.2 5000
27 6.4 1820.317087
27 6.6 1249.544485
27 6.8 2323.399312
27 7 4635.75752
27 7.2 1934.002291
27 7.4 6210.790464
27 7.6 3752.26136
27 7.8 2930.738409
27 8 2278.970787
27 8.2 2000
27 8.4 2061.446977
27 8.6 1092.37759
27 8.8 2407.673994
27 9 1631.628862
27 9.2 2046.882012
27 9.4 6273.349451
27 9.6 5458.431331
27 9.8 5794.59097
27 10 2142.707679
27.5 1 284.388078
27.5 1.2 332.2938851
27.5 1.4 380.9002076
27.5 1.6 437.4278019
27.5 1.8 487.8042995
27.5 2 529.4589964
27.5 2.2 572.9755019
27.5 2.4 625.0035686
27.5 2.6 678.7437625
27.5 2.8 707.9655661
27.5 3 754.9533275
