20.0 1.4 4.0 308.704
20.0 1.6 4.0 352.894
20.0 1.8 4.0 383.006
20.0 2.0 4.0 416.876
20.0 2.0 6.0 289.855
20.0 2.2 4.0 449.438
20.0 2.2 6.0 307.692
20.0 2.4 4.0 483.995
20.0 2.4 6.0 329.243
20.0 2.6 4.0 522.866
20.0 2.6 6.0 355.927
20.0 2.8 4.0 555.508
20.0 2.8 6.0 361.992
20.0 3.0 4.0 607.419
20.0 3.0 6.0 384.604
20.0 3.2 4.0 625.697
20.0 3.2 6.0 412.371
20.0 3.4 4.0 710.209
20.0 3.4 6.0 415.293
20.0 3.6 4.0 714.219
20.0 3.6 6.0 451.969
20.0 3.8 4.0 714.54
20.0 3.8 6.0 454.534
20.0 4.0 4.0 818.27
20.0 4.0 6.0 490.529
20.0 4.2 6.0 500.771
20.0 4.4 6.0 522.456
20.0 4.6 6.0 555.505
20.0 4.8 6.0 547.945
20.0 5.0 6.0 592.257
20.0 5.2 6.0 615.385
20.0 5.4 6.0 625.003
20.0 5.6 6.0 614.892
20.0 5.8 6.0 621.648
20.0 6.0 6.0 701.749
21.0 1.4 4.0 312.06
21.0 1.8 4.0 377.912
21.0 1.8 6.0 269.359
21.0 2.0 4.0 414.243
21.0 2.2 4.0 452.002
21.0 2.4 4.0 493.622
21.0 2.4 6.0 331.95
21.0 2.6 4.0 530.207
21.0 2.6 6.0 350.879
21.0 2.8 4.0 555.503
21.0 2.8 6.0 373.832
21.0 3.0 4.0 610.091
21.0 3.0 6.0 383.732
21.0 3.2 4.0 619.779
21.0 3.2 6.0 412.371
21.0 3.4 4.0 709.064
21.0 3.4 6.0 430.078
21.0 3.6 4.0 715.335
21.0 3.6 6.0 454.512
21.0 3.8 4.0 708.755
21.0 3.8 6.0 471.167
21.0 4.0 4.0 833.358
21.0 4.0 6.0 493.834
21.0 4.2 6.0 496.219
21.0 4.4 6.0 547.945
21.0 4.6 6.0 551.724
21.0 4.8 6.0 551.452
21.0 5.0 6.0 615.927
21.0 5.2 6.0 628.754
21.0 5.4 6.0 615.385
21.0 5.6 6.0 613.368
21.0 5.8 6.0 688.664
21.0 6.0 6.0 684.741
22.0 1.4 4.0 311.086
22.0 1.6 4.0 350.518
22.0 1.8 4.0 384.643
22.0 1.8 6.0 268.267
22.0 2.0 4.0 421.157
22.0 2.0 6.0 290.742
22.0 2.2 4.0 462.653
22.0 2.2 6.0 311.287
22.0 2.4 4.0 493.474
22.0 2.6 4.0 540.547
22.0 2.8 4.0 573.372
22.0 2.8 6.0 377.748
22.0 3.0 4.0 625.649
22.0 3.0 6.0 402.153
22.0 3.2 4.0 666.43
22.0 3.2 6.0 416.668
22.0 3.4 4.0 707.897
22.0 3.4 6.0 443.951
22.0 3.6 4.0 687.631
22.0 3.6 6.0 451.455
22.0 3.8 4.0 797.941
22.0 3.8 6.0 494.635
22.0 4.0 4.0 833.214
22.0 4.0 6.0 500.04
22.0 4.2 6.0 497.972
22.0 4.4 6.0 544.233
22.0 4.6 6.0 544.117
22.0 4.8 6.0 580.024
22.0 5.0 6.0 605.496
22.0 5.2 6.0 610.053
22.0 5.4 6.0 610.342
22.0 5.6 6.0 653.766
22.0 5.8 6.0 709.062
22.0 6.0 6.0 695.8
23.0 1.4 4.0 314.955
23.0 1.6 4.0 350.685
23.0 1.8 4.0 396.027
23.0 1.8 6.0 275.991
23.0 2.0 4.0 439.869
23.0 2.0 6.0 293.998
23.0 2.2 4.0 459.273
23.0 2.4 4.0 500.002
23.0 2.4 6.0 337.19
23.0 2.6 4.0 548.347
23.0 2.6 6.0 355.628
23.0 2.8 4.0 602.502
23.0 2.8 6.0 382.887
23.0 3.0 4.0 620.155
23.0 3.0 6.0 410.097
23.0 3.2 4.0 661.197
23.0 3.2 6.0 416.591
23.0 3.4 4.0 709.006
23.0 3.4 6.0 449.438
23.0 3.6 4.0 705.981
23.0 3.6 6.0 451.237
23.0 3.8 4.0 798.536
23.0 3.8 6.0 496.889
23.0 4.0 4.0 833.339
23.0 4.0 6.0 500.015
23.0 4.2 6.0 540.541
23.0 4.4 6.0 551.724
23.0 4.6 6.0 552.071
23.0 4.8 6.0 588.913
23.0 5.0 6.0 615.428
23.0 5.2 6.0 606.061
23.0 5.4 6.0 614.121
23.0 5.6 6.0 701.808
23.0 5.8 6.0 707.205
23.0 6.0 6.0 702.648
24.0 1.4 4.0 320.686
24.0 1.6 4.0 356.165
24.0 1.8 4.0 410.952
24.0 1.8 6.0 275.737
24.0 2.0 4.0 452.863
24.0 2.2 4.0 478.772
24.0 2.2 6.0 326.595
24.0 2.4 4.0 498.674
24.0 2.4 6.0 349.43
24.0 2.6 4.0 547.167
24.0 2.6 6.0 360.356
24.0 2.8 4.0 611.886
24.0 2.8 6.0 384.82
24.0 3.0 4.0 625.003
24.0 3.0 6.0 412.371
24.0 3.2 4.0 694.613
24.0 3.2 6.0 428.958
24.0 3.4 4.0 714.187
24.0 3.4 6.0 452.574
24.0 3.6 4.0 710.622
24.0 3.6 6.0 467.498
24.0 3.8 4.0 814.612
24.0 3.8 6.0 496.894
24.0 4.0 4.0 833.34
24.0 4.0 6.0 503.354
24.0 4.2 6.0 540.177
24.0 4.4 6.0 551.724
24.0 4.6 6.0 555.79
24.0 4.8 6.0 615.996
24.0 5.0 6.0 626.941
24.0 5.2 6.0 626.147
24.0 5.4 6.0 621.317
24.0 5.6 6.0 708.948
24.0 5.8 6.0 700.843
24.0 6.0 6.0 714.16
25.0 1.6 4.0 365.294
25.0 1.8 4.0 408.454
25.0 2.0 4.0 451.978
25.0 2.0 6.0 305.509
25.0 2.2 4.0 485.299
25.0 2.2 6.0 325.138
25.0 2.4 4.0 536.067
25.0 2.4 6.0 351.017
25.0 2.6 4.0 555.498
25.0 2.6 6.0 377.38
25.0 2.8 4.0 596.458
25.0 2.8 6.0 384.126
25.0 3.0 4.0 614.706
25.0 3.0 6.0 416.669
25.0 3.2 4.0 715.254
25.0 3.2 6.0 444.444
25.0 3.4 4.0 701.644
25.0 3.4 6.0 452.028
25.0 3.6 4.0 747.78
25.0 3.6 6.0 492.001
25.0 3.8 4.0 816.327
25.0 3.8 6.0 500.861
25.0 4.0 4.0 816.327
25.0 4.0 6.0 511.834
25.0 4.2 6.0 552.089
25.0 4.4 6.0 547.428
25.0 4.6 6.0 583.763
25.0 4.8 6.0 614.256
25.0 5.0 6.0 615.385
25.0 5.2 6.0 625.928
25.0 5.4 6.0 689.655
25.0 5.6 6.0 681.856
25.0 5.8 6.0 701.754
25.0 6.0 6.0 707.965
26.0 1.6 4.0 373.732
26.0 1.6 6.0 260.671
26.0 1.8 4.0 406.244
26.0 2.0 4.0 449.625
26.0 2.2 4.0 493.827
26.0 2.4 4.0 544.205
26.0 2.4 6.0 352.353
26.0 2.6 4.0 555.447
26.0 2.6 6.0 382.772
26.0 2.8 4.0 614.728
26.0 2.8 6.0 401.774
26.0 3.0 4.0 652.883
26.0 3.0 6.0 414.496
26.0 3.2 4.0 709.867
26.0 3.2 6.0 439.36
26.0 3.4 4.0 699.4
26.0 3.4 6.0 464.954
26.0 3.6 4.0 819.574
26.0 3.6 6.0 497.175
26.0 3.8 4.0 822.62
26.0 3.8 6.0 490.368
26.0 4.0 4.0 816.327
26.0 4.0 6.0 552.121
26.0 4.2 6.0 555.515
26.0 4.4 6.0 551.486
26.0 4.6 6.0 615.368
26.0 4.8 6.0 625.003
26.0 5.0 6.0 620.76
26.0 5.2 6.0 659.476
26.0 5.4 6.0 707.918
26.0 5.6 6.0 691.505
26.0 5.8 6.0 694.669
26.0 6.0 6.0 700.88
27.0 1.4 4.0 329.722
27.0 1.6 4.0 377.225
27.0 1.8 4.0 410.055
27.0 1.8 6.0 287.246
27.0 2.0 4.0 446.398
27.0 2.0 6.0 309.214
27.0 2.2 4.0 490.582
27.0 2.4 4.0 540.892
27.0 2.6 4.0 571.453
27.0 2.6 6.0 381.233
27.0 2.8 4.0 620.176
27.0 2.8 6.0 410.257
27.0 3.0 4.0 646.134
27.0 3.0 6.0 414.872
27.0 3.2 4.0 715.23
27.0 3.2 6.0 449.256
27.0 3.4 4.0 714.197
27.0 3.4 6.0 461.057
27.0 3.6 4.0 816.237
27.0 3.6 6.0 496.723
27.0 3.8 4.0 833.34
27.0 3.8 6.0 519.389
27.0 4.0 4.0 835.446
27.0 4.0 6.0 552.881
27.0 4.2 6.0 551.724
27.0 4.4 6.0 571.486
27.0 4.6 6.0 624.989
27.0 4.8 6.0 625.606
27.0 5.0 6.0 625.117
27.0 5.2 6.0 689.655
27.0 5.4 6.0 714.185
27.0 5.6 6.0 714.195
27.0 5.8 6.0 695.482
27.0 6.0 6.0 705.991
28.0 1.4 4.0 339.182
28.0 1.6 4.0 375.599
28.0 1.6 6.0 269.979
28.0 1.8 4.0 429.999
28.0 1.8 6.0 296.748
28.0 2.0 4.0 454.237
28.0 2.0 6.0 319.384
28.0 2.2 4.0 496.563
28.0 2.4 4.0 540.158
28.0 2.6 4.0 594.975
28.0 2.6 6.0 384.609
28.0 2.8 4.0 620.121
28.0 2.8 6.0 410.256
28.0 3.0 4.0 699.434
28.0 3.0 6.0 436.988
28.0 3.2 4.0 714.172
28.0 3.2 6.0 452.292
28.0 3.4 4.0 761.44
28.0 3.4 6.0 484.859
28.0 3.6 4.0 814.867
28.0 3.6 6.0 500.737
28.0 3.8 4.0 808.064
28.0 3.8 6.0 526.299
28.0 4.0 4.0 911.805
28.0 4.0 6.0 555.493
28.0 4.2 6.0 547.945
28.0 4.4 6.0 604.857
28.0 4.6 6.0 625.598
28.0 4.8 6.0 604.934
28.0 5.0 6.0 663.544
28.0 5.2 6.0 712.315
28.0 5.4 6.0 702.563
28.0 5.6 6.0 717.006
28.0 5.8 6.0 714.198
28.0 6.0 6.0 761.836
29.0 1.4 4.0 338.46
29.0 1.6 4.0 380.726
29.0 1.8 4.0 430.108
29.0 2.0 4.0 492.226
29.0 2.0 6.0 322.282
29.0 2.2 4.0 499.533
29.0 2.2 6.0 343.009
29.0 2.4 4.0 547.626
29.0 2.4 6.0 368.241
29.0 2.6 4.0 596.466
29.0 2.6 6.0 393.844
29.0 2.8 4.0 625.004
29.0 2.8 6.0 416.669
29.0 3.0 4.0 708.162
29.0 3.0 6.0 452.664
29.0 3.2 4.0 699.034
29.0 3.2 6.0 451.366
29.0 3.4 4.0 784.384
29.0 3.4 6.0 496.895
29.0 3.6 4.0 833.342
29.0 3.6 6.0 493.928
29.0 3.8 4.0 833.357
29.0 3.8 6.0 552.066
29.0 4.0 4.0 889.282
29.0 4.0 6.0 547.946
29.0 4.2 6.0 554.55
29.0 4.4 6.0 611.253
29.0 4.6 6.0 606.509
29.0 4.8 6.0 620.155
29.0 5.0 6.0 695.652
29.0 5.2 6.0 714.187
29.0 5.4 6.0 708.885
29.0 5.6 6.0 707.151
29.0 5.8 6.0 714.032
29.0 6.0 6.0 823.453
30.0 1.4 4.0 342.958
30.0 1.6 4.0 390.055
30.0 1.6 6.0 275.866
30.0 1.8 4.0 426.725
30.0 2.0 4.0 490.824
30.0 2.2 4.0 515.789
30.0 2.2 6.0 347.257
30.0 2.4 4.0 555.497
30.0 2.4 6.0 375.503
30.0 2.6 4.0 620.151
30.0 2.6 6.0 408.024
30.0 2.8 4.0 647.523
30.0 2.8 6.0 416.738
30.0 3.0 4.0 709.659
30.0 3.0 6.0 454.508
30.0 3.2 4.0 707.29
30.0 3.2 6.0 469.583
30.0 3.4 4.0 816.228
30.0 3.4 6.0 496.695
30.0 3.6 4.0 833.34
30.0 3.6 6.0 497.347
30.0 3.8 4.0 825.887
30.0 3.8 6.0 547.945
30.0 4.0 4.0 964.075
30.0 4.0 6.0 546.141
30.0 4.2 6.0 601.504
30.0 4.4 6.0 600.679
30.0 4.6 6.0 615.396
30.0 4.8 6.0 653.513
30.0 5.0 6.0 707.967
30.0 5.2 6.0 684.471
30.0 5.4 6.0 709.805
30.0 5.6 6.0 707.965
30.0 5.8 6.0 817.657
30.0 6.0 6.0 834.72
31.0 1.4 4.0 350.11
31.0 1.6 4.0 402.197
31.0 1.6 6.0 284.773
31.0 1.8 4.0 444.274
31.0 1.8 6.0 304.597
31.0 2.0 4.0 478.145
31.0 2.2 4.0 548.684
31.0 2.2 6.0 354.04
31.0 2.4 4.0 555.351
31.0 2.4 6.0 380.955
31.0 2.6 4.0 620.155
31.0 2.6 6.0 410.02
31.0 2.8 4.0 655.796
31.0 2.8 6.0 436.987
31.0 3.0 4.0 714.175
31.0 3.0 6.0 454.69
31.0 3.2 4.0 713.402
31.0 3.2 6.0 491.34
31.0 3.4 4.0 822.926
31.0 3.4 6.0 500.035
31.0 3.6 4.0 833.341
31.0 3.6 6.0 529.207
31.0 3.8 4.0 833.331
31.0 3.8 6.0 555.888
31.0 4.0 4.0 978.999
31.0 4.0 6.0 555.85
31.0 4.2 6.0 610.153
31.0 4.4 6.0 610.702
31.0 4.6 6.0 618.23
31.0 4.8 6.0 688.846
31.0 5.0 6.0 714.2
31.0 5.2 6.0 707.965
31.0 5.4 6.0 694.664
31.0 5.6 6.0 746.822
31.0 5.8 6.0 814.752
31.0 6.0 6.0 806.633
32.0 1.4 4.0 355.376
32.0 1.6 4.0 401.323
32.0 1.6 6.0 287.744
32.0 1.8 4.0 447.14
32.0 1.8 6.0 309.312
32.0 2.0 4.0 488.287
32.0 2.0 6.0 340.439
32.0 2.2 4.0 541.229
32.0 2.2 6.0 363.4
32.0 2.4 4.0 573.67
32.0 2.4 6.0 384.695
32.0 2.6 4.0 625.019
32.0 2.6 6.0 407.631
32.0 2.8 4.0 697.285
32.0 2.8 6.0 444.445
32.0 3.0 4.0 714.209
32.0 3.0 6.0 450.847
32.0 3.2 4.0 801.732
32.0 3.2 6.0 490.795
32.0 3.4 4.0 816.316
32.0 3.4 6.0 493.283
32.0 3.6 4.0 835.041
32.0 3.6 6.0 543.57
32.0 3.8 4.0 899.29
32.0 3.8 6.0 544.426
32.0 4.0 4.0 975.61
32.0 4.0 6.0 583.942
32.0 4.2 6.0 606.061
32.0 4.4 6.0 620.555
32.0 4.6 6.0 630.596
32.0 4.8 6.0 702.562
32.0 5.0 6.0 695.613
32.0 5.2 6.0 714.294
32.0 5.4 6.0 722.053
32.0 5.6 6.0 823.13
32.0 5.8 6.0 826.302
32.0 6.0 6.0 794.567
33.0 1.4 4.0 362.955
33.0 1.4 6.0 261.635
33.0 1.6 4.0 408.036
33.0 1.8 4.0 445.972
33.0 2.0 4.0 497.129
33.0 2.0 6.0 341.774
33.0 2.2 4.0 544.207
33.0 2.2 6.0 371.396
33.0 2.4 4.0 621.754
33.0 2.4 6.0 395.961
33.0 2.6 4.0 625.004
33.0 2.6 6.0 412.354
33.0 2.8 4.0 707.965
33.0 2.8 6.0 449.265
33.0 3.0 4.0 714.178
33.0 3.0 6.0 470.763
33.0 3.2 4.0 816.261
33.0 3.2 6.0 493.827
33.0 3.4 4.0 833.341
33.0 3.4 6.0 519.477
33.0 3.6 4.0 815.051
33.0 3.6 6.0 539.137
33.0 3.8 4.0 939.057
33.0 3.8 6.0 555.502
33.0 4.0 4.0 999.771
33.0 4.0 6.0 615.856
33.0 4.2 6.0 626.791
33.0 4.4 6.0 614.83
33.0 4.6 6.0 672.324
33.0 4.8 6.0 714.13
33.0 5.0 6.0 692.487
33.0 5.2 6.0 714.26
33.0 5.4 6.0 764.512
33.0 5.6 6.0 819.368
33.0 5.8 6.0 816.294
33.0 6.0 6.0 817.78
34.0 1.4 4.0 364.55
34.0 1.4 6.0 271.851
34.0 1.6 4.0 412.48
34.0 1.8 4.0 453.929
34.0 1.8 6.0 327.785
34.0 2.0 4.0 496.879
34.0 2.0 6.0 348.781
34.0 2.2 4.0 543.884
34.0 2.2 6.0 373.913
34.0 2.4 4.0 605.496
34.0 2.4 6.0 401.518
34.0 2.6 4.0 624.786
34.0 2.6 6.0 432.442
34.0 2.8 4.0 700.954
34.0 2.8 6.0 454.517
34.0 3.0 4.0 714.161
34.0 3.0 6.0 484.163
34.0 3.2 4.0 824.628
34.0 3.2 6.0 507.163
34.0 3.4 4.0 833.357
34.0 3.4 6.0 540.519
34.0 3.6 4.0 879.984
34.0 3.6 6.0 542.987
34.0 3.8 4.0 975.61
34.0 3.8 6.0 572.112
34.0 4.0 4.0 999.727
34.0 4.0 6.0 621.101
34.0 4.2 6.0 606.038
34.0 4.4 6.0 624.975
34.0 4.6 6.0 675.356
34.0 4.8 6.0 683.761
34.0 5.0 6.0 714.168
34.0 5.2 6.0 713.509
34.0 5.4 6.0 816.327
34.0 5.6 6.0 837.822
34.0 5.8 6.0 858.192
34.0 6.0 6.0 824.726
35.0 1.4 4.0 367.262
35.0 1.6 4.0 415.251
35.0 1.6 6.0 303.03
35.0 1.8 4.0 469.407
35.0 1.8 6.0 325.2
35.0 2.0 4.0 516.261
35.0 2.0 6.0 352.369
35.0 2.2 4.0 551.948
35.0 2.2 6.0 380.566
35.0 2.4 4.0 615.875
35.0 2.4 6.0 405.851
35.0 2.6 4.0 661.124
35.0 2.6 6.0 441.99
35.0 2.8 4.0 714.143
35.0 2.8 6.0 451.504
35.0 3.0 4.0 762.265
35.0 3.0 6.0 493.827
35.0 3.2 4.0 816.327
35.0 3.2 6.0 498.866
35.0 3.4 4.0 816.327
35.0 3.4 6.0 551.724
35.0 3.6 4.0 887.246
35.0 3.6 6.0 579.611
35.0 3.8 4.0 999.703
35.0 3.8 6.0 606.061
35.0 4.0 4.0 973.566
35.0 4.0 6.0 625.004
35.0 4.2 6.0 625.045
35.0 4.4 6.0 690.423
35.0 4.6 6.0 697.244
35.0 4.8 6.0 703.093
35.0 5.0 6.0 700.901
35.0 5.2 6.0 816.327
35.0 5.4 6.0 833.339
35.0 5.6 6.0 809.337
35.0 5.8 6.0 814.977
35.0 6.0 6.0 824.8
36.0 1.4 4.0 373.737
36.0 1.6 4.0 426.665
36.0 1.8 4.0 488.085
36.0 1.8 6.0 330.581
36.0 2.0 4.0 528.6
36.0 2.0 6.0 356.934
36.0 2.2 4.0 575.732
36.0 2.2 6.0 384.383
36.0 2.4 4.0 615.384
36.0 2.4 6.0 416.922
36.0 2.6 4.0 694.042
36.0 2.6 6.0 446.932
36.0 2.8 4.0 714.178
36.0 2.8 6.0 482.938
36.0 3.0 4.0 798.669
36.0 3.0 6.0 500.003
36.0 3.2 4.0 834.816
36.0 3.2 6.0 540.238
36.0 3.4 4.0 815.987
36.0 3.4 6.0 555.51
36.0 3.6 4.0 975.61
36.0 3.6 6.0 563.916
36.0 3.8 4.0 999.809
36.0 3.8 6.0 594.592
36.0 4.0 4.0 987.88
36.0 4.0 6.0 625.023
36.0 4.2 6.0 620.395
36.0 4.4 6.0 714.164
36.0 4.6 6.0 695.652
36.0 4.8 6.0 701.577
36.0 5.0 6.0 768.599
36.0 5.2 6.0 816.327
36.0 5.4 6.0 797.322
36.0 5.6 6.0 815.084
36.0 5.8 6.0 824.742
36.0 6.0 6.0 880.11
37.0 1.4 4.0 379.687
37.0 1.4 6.0 283.716
37.0 1.6 4.0 442.129
37.0 1.6 6.0 307.255
37.0 1.8 4.0 484.83
37.0 1.8 6.0 346.266
37.0 2.0 4.0 537.176
37.0 2.0 6.0 377.681
37.0 2.2 4.0 622.082
37.0 2.2 6.0 406.35
37.0 2.4 4.0 625.016
37.0 2.4 6.0 416.672
37.0 2.6 4.0 687.417
37.0 2.6 6.0 449.304
37.0 2.8 4.0 714.166
37.0 2.8 6.0 500.196
37.0 3.0 4.0 816.387
37.0 3.0 6.0 495.611
37.0 3.2 4.0 836.042
37.0 3.2 6.0 545.852
37.0 3.4 4.0 828.371
37.0 3.4 6.0 547.733
37.0 3.6 4.0 963.986
37.0 3.6 6.0 615.385
37.0 3.8 4.0 950.041
37.0 3.8 6.0 607.121
37.0 4.0 4.0 959.593
37.0 4.0 6.0 625.496
37.0 4.2 6.0 690.281
37.0 4.4 6.0 701.829
37.0 4.6 6.0 700.566
37.0 4.8 6.0 707.789
37.0 5.0 6.0 801.297
37.0 5.2 6.0 833.354
37.0 5.4 6.0 835.962
37.0 5.6 6.0 817.69
37.0 5.8 6.0 824.733
37.0 6.0 6.0 910.54
38.0 1.4 4.0 393.45
38.0 1.6 4.0 441.951
38.0 1.6 6.0 322.558
38.0 1.8 4.0 500.462
38.0 1.8 6.0 341.213
38.0 2.0 4.0 551.416
38.0 2.0 6.0 377.455
38.0 2.2 4.0 609.262
38.0 2.2 6.0 412.709
38.0 2.4 4.0 625.003
38.0 2.4 6.0 442.222
38.0 2.6 4.0 708.711
38.0 2.6 6.0 451.623
38.0 2.8 4.0 746.834
38.0 2.8 6.0 496.895
38.0 3.0 4.0 833.342
38.0 3.0 6.0 506.075
38.0 3.2 4.0 833.341
38.0 3.2 6.0 553.002
38.0 3.4 4.0 909.109
38.0 3.4 6.0 555.312
38.0 3.6 4.0 975.611
38.0 3.6 6.0 615.379
38.0 3.8 4.0 999.61
38.0 3.8 6.0 647.737
38.0 4.0 4.0 987.733
38.0 4.0 6.0 622.351
38.0 4.2 6.0 686.741
38.0 4.4 6.0 689.015
38.0 4.6 6.0 701.557
38.0 4.8 6.0 761.905
38.0 5.0 6.0 823.347
38.0 5.2 6.0 816.327
38.0 5.4 6.0 833.305
38.0 5.6 6.0 823.895
38.0 5.8 6.0 917.238
38.0 6.0 6.0 954.652
39.0 1.4 4.0 393.247
39.0 1.4 6.0 289.532
39.0 1.6 4.0 452.145
39.0 1.6 6.0 324.579
39.0 1.8 4.0 496.685
39.0 1.8 6.0 353.941
39.0 2.0 4.0 547.661
39.0 2.0 6.0 380.889
39.0 2.2 4.0 611.144
39.0 2.2 6.0 414.408
39.0 2.4 4.0 644.498
39.0 2.4 6.0 444.581
39.0 2.6 4.0 714.172
39.0 2.6 6.0 482.759
39.0 2.8 4.0 734.016
39.0 2.8 6.0 497.116
39.0 3.0 4.0 824.742
39.0 3.0 6.0 525.55
39.0 3.2 4.0 893.142
39.0 3.2 6.0 559.6
39.0 3.4 4.0 980.409
39.0 3.4 6.0 580.023
39.0 3.6 4.0 999.743
39.0 3.6 6.0 620.604
39.0 3.8 4.0 948.22
39.0 3.8 6.0 615.385
39.0 4.0 4.0 999.815
39.0 4.0 6.0 701.754
39.0 4.2 6.0 693.993
39.0 4.4 6.0 708.686
39.0 4.6 6.0 714.48
39.0 4.8 6.0 816.34
39.0 5.0 6.0 823.201
39.0 5.2 6.0 806.921
39.0 5.4 6.0 806.498
39.0 5.6 6.0 830.154
39.0 5.8 6.0 881.907
39.0 6.0 6.0 1010.697
40.0 1.4 4.0 402.039
40.0 1.6 4.0 451.88
40.0 1.6 6.0 328.294
40.0 1.8 4.0 510.063
40.0 1.8 6.0 356.539
40.0 2.0 4.0 555.468
40.0 2.0 6.0 384.066
40.0 2.2 4.0 605.906
40.0 2.2 6.0 414.388
40.0 2.4 4.0 688.936
40.0 2.4 6.0 454.946
40.0 2.6 4.0 714.162
40.0 2.6 6.0 490.798
40.0 2.8 4.0 782.319
40.0 2.8 6.0 503.698
40.0 3.0 4.0 833.344
40.0 3.0 6.0 539.976
40.0 3.2 4.0 921.068
40.0 3.2 6.0 579.75
40.0 3.4 4.0 987.653
40.0 3.4 6.0 605.293
40.0 3.6 4.0 1005.059
40.0 3.6 6.0 626.621
40.0 3.8 4.0 988.134
40.0 3.8 6.0 670.545
40.0 4.0 4.0 1111.674
40.0 4.0 6.0 669.747
40.0 4.2 6.0 708.724
40.0 4.4 6.0 699.562
40.0 4.6 6.0 747.757
40.0 4.8 6.0 813.793
40.0 5.0 6.0 819.098
40.0 5.2 6.0 816.374
40.0 5.4 6.0 848.114
40.0 5.6 6.0 974.936
40.0 5.8 6.0 976.34
40.0 6.0 6.0 963.855
41.0 1.4 4.0 411.515
41.0 1.6 4.0 467.622
41.0 1.6 6.0 339.278
41.0 1.8 4.0 536.63
41.0 1.8 6.0 363.007
41.0 2.0 4.0 575.138
41.0 2.0 6.0 401.304
41.0 2.2 4.0 619.745
41.0 2.2 6.0 429.98
41.0 2.4 4.0 701.753
41.0 2.4 6.0 454.662
41.0 2.6 4.0 707.348
41.0 2.6 6.0 490.622
41.0 2.8 4.0 827.127
41.0 2.8 6.0 516.043
41.0 3.0 4.0 836.315
41.0 3.0 6.0 551.948
41.0 3.2 4.0 963.75
41.0 3.2 6.0 576.683
41.0 3.4 4.0 999.714
41.0 3.4 6.0 615.395
41.0 3.6 4.0 948.413
41.0 3.6 6.0 636.324
41.0 3.8 4.0 999.712
41.0 3.8 6.0 712.03
41.0 4.0 4.0 1216.964
41.0 4.0 6.0 695.728
41.0 4.2 6.0 724.276
41.0 4.4 6.0 764.06
41.0 4.6 6.0 790.977
41.0 4.8 6.0 806.987
41.0 5.0 6.0 824.735
41.0 5.2 6.0 833.417
41.0 5.4 6.0 889.09
41.0 5.6 6.0 971.799
41.0 5.8 6.0 987.654
41.0 6.0 6.0 975.61
42.0 1.4 4.0 415.312
42.0 1.4 6.0 306.596
42.0 1.6 4.0 472.786
42.0 1.6 6.0 340.074
42.0 1.8 4.0 540.541
42.0 1.8 6.0 375.64
42.0 2.0 4.0 597.391
42.0 2.0 6.0 406.203
42.0 2.2 4.0 624.984
42.0 2.2 6.0 439.44
42.0 2.4 4.0 715.698
42.0 2.4 6.0 481.932
42.0 2.6 4.0 765.211
42.0 2.6 6.0 491.773
42.0 2.8 4.0 834.686
42.0 2.8 6.0 547.954
42.0 3.0 4.0 833.734
42.0 3.0 6.0 547.27
42.0 3.2 4.0 948.127
42.0 3.2 6.0 605.677
42.0 3.4 4.0 999.707
42.0 3.4 6.0 620.618
42.0 3.6 4.0 999.65
42.0 3.6 6.0 623.647
42.0 3.8 4.0 1095.889
42.0 3.8 6.0 703.254
42.0 4.0 4.0 1225.248
42.0 4.0 6.0 709.35
42.0 4.2 6.0 701.011
42.0 4.4 6.0 817.292
42.0 4.6 6.0 833.34
42.0 4.8 6.0 826.029
42.0 5.0 6.0 815.116
42.0 5.2 6.0 833.333
42.0 5.4 6.0 987.654
42.0 5.6 6.0 959.722
42.0 5.8 6.0 1002.468
42.0 6.0 6.0 999.685
43.0 1.4 4.0 434.701
43.0 1.6 4.0 487.824
43.0 1.6 6.0 345.818
43.0 1.8 4.0 534.924
43.0 1.8 6.0 377.348
43.0 2.0 4.0 605.557
43.0 2.0 6.0 409.525
43.0 2.2 4.0 667.295
43.0 2.2 6.0 451.891
43.0 2.4 4.0 707.246
43.0 2.4 6.0 484.334
43.0 2.6 4.0 800.0
43.0 2.6 6.0 499.58
43.0 2.8 4.0 834.784
43.0 2.8 6.0 536.649
43.0 3.0 4.0 875.757
43.0 3.0 6.0 553.744
43.0 3.2 4.0 985.259
43.0 3.2 6.0 620.178
43.0 3.4 4.0 970.754
43.0 3.4 6.0 609.793
43.0 3.6 4.0 987.152
43.0 3.6 6.0 714.15
43.0 3.8 4.0 1190.021
43.0 3.8 6.0 714.15
43.0 4.0 4.0 1250.018
43.0 4.0 6.0 701.631
43.0 4.2 6.0 769.307
43.0 4.4 6.0 815.194
43.0 4.6 6.0 790.029
43.0 4.8 6.0 833.341
43.0 5.0 6.0 833.862
43.0 5.2 6.0 961.772
43.0 5.4 6.0 999.737
43.0 5.6 6.0 992.293
43.0 5.8 6.0 972.725
43.0 6.0 6.0 999.758
44.0 1.4 4.0 449.438
44.0 1.4 6.0 319.849
44.0 1.6 4.0 489.888
44.0 1.6 6.0 353.012
44.0 1.8 4.0 547.684
44.0 1.8 6.0 385.976
44.0 2.0 4.0 606.152
44.0 2.0 6.0 416.32
44.0 2.2 4.0 676.655
44.0 2.2 6.0 454.671
44.0 2.4 4.0 714.157
44.0 2.4 6.0 491.112
44.0 2.6 4.0 816.304
44.0 2.6 6.0 529.803
44.0 2.8 4.0 817.282
44.0 2.8 6.0 551.462
44.0 3.0 4.0 979.822
44.0 3.0 6.0 616.248
44.0 3.2 4.0 999.722
44.0 3.2 6.0 614.533
44.0 3.4 4.0 999.876
44.0 3.4 6.0 621.855
44.0 3.6 4.0 1125.624
44.0 3.6 6.0 715.56
44.0 3.8 4.0 1230.748
44.0 3.8 6.0 709.34
44.0 4.0 4.0 1212.873
44.0 4.0 6.0 706.372
44.0 4.2 6.0 815.209
44.0 4.4 6.0 833.325
44.0 4.6 6.0 824.742
44.0 4.8 6.0 834.701
44.0 5.0 6.0 910.667
44.0 5.2 6.0 919.558
44.0 5.4 6.0 975.61
44.0 5.6 6.0 963.855
44.0 5.8 6.0 965.956
44.0 6.0 6.0 987.995
45.0 1.4 4.0 439.134
45.0 1.4 6.0 325.379
45.0 1.6 4.0 497.194
45.0 1.6 6.0 5358.803
45.0 1.8 4.0 554.103
45.0 1.8 6.0 395.317
45.0 2.0 4.0 615.333
45.0 2.0 6.0 437.533
45.0 2.2 4.0 694.344
45.0 2.2 6.0 473.045
45.0 2.4 4.0 738.786
45.0 2.4 6.0 493.594
45.0 2.6 4.0 816.327
45.0 2.6 6.0 547.979
45.0 2.8 4.0 824.465
45.0 2.8 6.0 555.546
45.0 3.0 4.0 982.203
45.0 3.0 6.0 606.463
45.0 3.2 4.0 999.675
45.0 3.2 6.0 613.575
45.0 3.4 4.0 999.714
45.0 3.4 6.0 703.66
45.0 3.6 4.0 1216.377
45.0 3.6 6.0 716.7
45.0 3.8 4.0 1250.02
45.0 3.8 6.0 695.074
45.0 4.0 4.0 1212.121
45.0 4.0 6.0 748.828
45.0 4.2 6.0 824.787
45.0 4.4 6.0 837.682
45.0 4.6 6.0 833.482
45.0 4.8 6.0 902.609
45.0 5.0 6.0 973.872
45.0 5.2 6.0 981.313
45.0 5.4 6.0 973.516
45.0 5.6 6.0 989.449
45.0 5.8 6.0 1102.914
45.0 6.0 6.0 999.7
46.0 1.4 4.0 448.315
46.0 1.4 6.0 331.257
46.0 1.6 4.0 533.333
46.0 1.6 6.0 377.298
46.0 1.8 4.0 592.593
46.0 1.8 6.0 414.623
46.0 2.0 4.0 625.01
46.0 2.0 6.0 451.974
46.0 2.2 4.0 707.965
46.0 2.2 6.0 493.827
46.0 2.4 4.0 783.373
46.0 2.4 6.0 506.6
46.0 2.6 4.0 823.502
46.0 2.6 6.0 551.493
46.0 2.8 4.0 917.983
46.0 2.8 6.0 596.382
46.0 3.0 4.0 985.677
46.0 3.0 6.0 625.007
46.0 3.2 4.0 950.401
46.0 3.2 6.0 644.584
46.0 3.4 4.0 1032.426
46.0 3.4 6.0 694.533
46.0 3.6 4.0 1250.052
46.0 3.6 6.0 701.193
46.0 3.8 4.0 1250.018
46.0 3.8 6.0 729.113
46.0 4.0 4.0 1212.371
46.0 4.0 6.0 816.326
46.0 4.2 6.0 827.827
46.0 4.4 6.0 825.718
46.0 4.6 6.0 836.701
46.0 4.8 6.0 975.605
46.0 5.0 6.0 975.61
46.0 5.2 6.0 952.381
46.0 5.4 6.0 958.186
46.0 5.6 6.0 999.758
46.0 5.8 6.0 998.275
46.0 6.0 6.0 1033.845
47.0 1.4 4.0 457.295
47.0 1.4 6.0 347.834
47.0 1.6 4.0 540.555
47.0 1.6 6.0 381.057
47.0 1.8 4.0 591.867
47.0 1.8 6.0 412.328
47.0 2.0 4.0 661.155
47.0 2.0 6.0 451.218
47.0 2.2 4.0 714.161
47.0 2.2 6.0 490.61
47.0 2.4 4.0 805.834
47.0 2.4 6.0 547.945
47.0 2.6 4.0 814.101
47.0 2.6 6.0 551.775
47.0 2.8 4.0 948.582
47.0 2.8 6.0 614.973
47.0 3.0 4.0 999.676
47.0 3.0 6.0 610.84
47.0 3.2 4.0 975.464
47.0 3.2 6.0 676.85
47.0 3.4 4.0 1282.112
47.0 3.4 6.0 714.154
47.0 3.6 4.0 1250.019
47.0 3.6 6.0 728.724
47.0 3.8 4.0 1161.697
47.0 3.8 6.0 780.819
47.0 4.0 4.0 1250.053
47.0 4.0 6.0 823.625
47.0 4.2 6.0 809.935
47.0 4.4 6.0 834.654
47.0 4.6 6.0 908.672
47.0 4.8 6.0 953.118
47.0 5.0 6.0 946.669
47.0 5.2 6.0 999.663
47.0 5.4 6.0 971.13
47.0 5.6 6.0 1082.05
47.0 5.8 6.0 1111.354
47.0 6.0 6.0 1212.484
48.0 1.4 4.0 468.954
48.0 1.4 6.0 579.845
48.0 1.6 4.0 536.135
48.0 1.6 6.0 406.32
48.0 1.8 4.0 620.929
48.0 1.8 6.0 430.198
48.0 2.0 4.0 667.189
48.0 2.0 6.0 476.334
48.0 2.2 4.0 713.5
48.0 2.2 6.0 493.797
48.0 2.4 4.0 833.352
48.0 2.4 6.0 551.932
48.0 2.6 4.0 889.03
48.0 2.6 6.0 622.119
48.0 2.8 4.0 962.297
48.0 2.8 6.0 604.72
48.0 3.0 4.0 974.101
48.0 3.0 6.0 4981.461
48.0 3.2 4.0 999.793
48.0 3.2 6.0 695.668
48.0 3.4 4.0 1234.993
48.0 3.4 6.0 694.64
48.0 3.6 4.0 1181.01
48.0 3.6 6.0 765.628
48.0 3.8 4.0 1250.024
48.0 3.8 6.0 815.196
48.0 4.0 4.0 1207.864
48.0 4.0 6.0 792.277
48.0 4.2 6.0 823.748
48.0 4.4 6.0 909.09
48.0 4.6 6.0 999.649
48.0 4.8 6.0 943.164
48.0 5.0 6.0 977.668
48.0 5.2 6.0 986.314
48.0 5.4 6.0 999.753
48.0 5.6 6.0 1095.666
48.0 5.8 6.0 1203.732
48.0 6.0 6.0 1235.034
49.0 1.4 4.0 491.08
49.0 1.4 6.0 605.003
49.0 1.6 4.0 552.109
49.0 1.6 6.0 397.762
49.0 1.8 4.0 610.046
49.0 1.8 6.0 433.241
49.0 2.0 4.0 701.754
49.0 2.0 6.0 481.387
49.0 2.2 4.0 761.904
49.0 2.2 6.0 541.292
49.0 2.4 4.0 815.128
49.0 2.4 6.0 548.201
49.0 2.6 4.0 905.739
49.0 2.6 6.0 601.156
49.0 2.8 4.0 987.656
49.0 2.8 6.0 645.125
49.0 3.0 4.0 1000.872
49.0 3.0 6.0 683.772
49.0 3.2 4.0 1111.035
49.0 3.2 6.0 708.205
49.0 3.4 4.0 1208.262
49.0 3.4 6.0 701.856
49.0 3.6 4.0 1151.482
49.0 3.6 6.0 807.009
49.0 3.8 4.0 1226.256
49.0 3.8 6.0 765.129
49.0 4.0 4.0 1250.022
49.0 4.0 6.0 885.885
49.0 4.2 6.0 833.339
49.0 4.4 6.0 985.904
49.0 4.6 6.0 989.687
49.0 4.8 6.0 999.686
49.0 5.0 6.0 1002.091
49.0 5.2 6.0 975.183
49.0 5.4 6.0 1111.344
49.0 5.6 6.0 1249.696
49.0 5.8 6.0 1212.121
49.0 6.0 6.0 1249.764
50.0 1.4 4.0 495.139
50.0 1.4 6.0 4985.222
50.0 1.6 4.0 559.153
50.0 1.6 6.0 425.288
50.0 1.8 4.0 625.067
50.0 1.8 6.0 449.591
50.0 2.0 4.0 707.435
50.0 2.0 6.0 484.327
50.0 2.2 4.0 792.107
50.0 2.2 6.0 552.948
50.0 2.4 4.0 833.347
50.0 2.4 6.0 557.747
50.0 2.6 4.0 962.155
50.0 2.6 6.0 620.502
50.0 2.8 4.0 999.687
50.0 2.8 6.0 651.84
50.0 3.0 4.0 1043.755
50.0 3.0 6.0 682.077
50.0 3.2 4.0 1207.706
50.0 3.2 6.0 707.522
50.0 3.4 4.0 1250.023
50.0 3.4 6.0 813.065
50.0 3.6 4.0 1258.377
50.0 3.6 6.0 824.786
50.0 3.8 4.0 1396.54
50.0 3.8 6.0 873.427
50.0 4.0 4.0 1430.069
50.0 4.0 6.0 824.115
50.0 4.2 6.0 952.384
50.0 4.4 6.0 987.883
50.0 4.6 6.0 975.61
50.0 4.8 6.0 985.924
50.0 5.0 6.0 999.735
50.0 5.2 6.0 1111.276
50.0 5.4 6.0 1230.769
50.0 5.6 6.0 1215.915
50.0 5.8 6.0 1230.769
50.0 6.0 6.0 1204.55
51.0 1.4 4.0 526.285
51.0 1.4 6.0 378.778
51.0 1.6 4.0 616.734
51.0 1.6 6.0 432.658
51.0 1.8 4.0 662.588
51.0 1.8 6.0 467.731
51.0 2.0 4.0 714.784
51.0 2.0 6.0 496.782
51.0 2.2 4.0 800.965
51.0 2.2 6.0 544.218
51.0 2.4 4.0 830.619
51.0 2.4 6.0 615.708
51.0 2.6 4.0 1001.751
51.0 2.6 6.0 615.343
51.0 2.8 4.0 989.666
51.0 2.8 6.0 695.642
51.0 3.0 4.0 1084.207
51.0 3.0 6.0 714.308
51.0 3.2 4.0 1234.824
51.0 3.2 6.0 714.195
51.0 3.4 4.0 1194.063
51.0 3.4 6.0 816.327
51.0 3.6 4.0 1226.458
51.0 3.6 6.0 840.647
51.0 3.8 4.0 1379.472
51.0 3.8 6.0 807.258
51.0 4.0 4.0 1632.055
51.0 4.0 6.0 879.244
51.0 4.2 6.0 999.657
51.0 4.4 6.0 975.61
51.0 4.6 6.0 987.654
51.0 4.8 6.0 987.854
51.0 5.0 6.0 1081.147
51.0 5.2 6.0 1183.713
51.0 5.4 6.0 1208.373
51.0 5.6 6.0 1186.53
51.0 5.8 6.0 1216.098
51.0 6.0 6.0 1230.778
52.0 1.4 4.0 525.6
52.0 1.4 6.0 404.556
52.0 1.6 4.0 596.445
52.0 1.6 6.0 428.85
52.0 1.8 4.0 697.301
52.0 1.8 6.0 482.961
52.0 2.0 4.0 747.664
52.0 2.0 6.0 544.219
52.0 2.2 4.0 824.742
52.0 2.2 6.0 551.177
52.0 2.4 4.0 942.731
52.0 2.4 6.0 620.181
52.0 2.6 4.0 999.687
52.0 2.6 6.0 619.276
52.0 2.8 4.0 1002.144
52.0 2.8 6.0 708.497
52.0 3.0 4.0 1227.085
52.0 3.0 6.0 715.174
52.0 3.2 4.0 1250.023
52.0 3.2 6.0 757.716
52.0 3.4 4.0 1249.899
52.0 3.4 6.0 833.383
52.0 3.6 4.0 1255.019
52.0 3.6 6.0 801.707
52.0 3.8 4.0 1652.998
52.0 3.8 6.0 880.273
52.0 4.0 4.0 1665.848
52.0 4.0 6.0 975.61
52.0 4.2 6.0 908.447
52.0 4.4 6.0 975.852
52.0 4.6 6.0 976.543
52.0 4.8 6.0 1093.579
52.0 5.0 6.0 1221.36
52.0 5.2 6.0 1186.943
52.0 5.4 6.0 1230.934
52.0 5.6 6.0 1226.573
52.0 5.8 6.0 1250.021
52.0 6.0 6.0 1230.781
53.0 1.4 4.0 529.198
53.0 1.4 6.0 1635.672
53.0 1.6 4.0 610.508
53.0 1.6 6.0 452.224
53.0 1.8 4.0 695.243
53.0 1.8 6.0 490.69
53.0 2.0 4.0 793.666
53.0 2.0 6.0 547.945
53.0 2.2 4.0 833.348
53.0 2.2 6.0 588.235
53.0 2.4 4.0 974.421
53.0 2.4 6.0 625.115
53.0 2.6 4.0 999.666
53.0 2.6 6.0 677.966
53.0 2.8 4.0 1093.187
53.0 2.8 6.0 714.698
53.0 3.0 4.0 1230.696
53.0 3.0 6.0 765.291
53.0 3.2 4.0 1208.382
53.0 3.2 6.0 823.805
53.0 3.4 4.0 1250.03
53.0 3.4 6.0 827.433
53.0 3.6 4.0 1428.83
53.0 3.6 6.0 889.361
53.0 3.8 4.0 1594.109
53.0 3.8 6.0 949.261
53.0 4.0 4.0 1665.738
53.0 4.0 6.0 996.245
53.0 4.2 6.0 987.568
53.0 4.4 6.0 1003.167
53.0 4.6 6.0 1110.761
53.0 4.8 6.0 1227.608
53.0 5.0 6.0 1250.017
53.0 5.2 6.0 1249.932
53.0 5.4 6.0 1212.114
53.0 5.6 6.0 1208.129
53.0 5.8 6.0 1212.121
53.0 6.0 6.0 1250.029
54.0 1.4 4.0 547.031
54.0 1.4 6.0 408.413
54.0 1.6 4.0 623.835
54.0 1.6 6.0 457.151
54.0 1.8 4.0 702.211
54.0 1.8 6.0 498.783
54.0 2.0 4.0 808.095
54.0 2.0 6.0 547.135
54.0 2.2 4.0 907.354
54.0 2.2 6.0 610.385
54.0 2.4 4.0 975.61
54.0 2.4 6.0 659.279
54.0 2.6 4.0 987.752
54.0 2.6 6.0 707.975
54.0 2.8 4.0 1215.856
54.0 2.8 6.0 706.803
54.0 3.0 4.0 1250.025
54.0 3.0 6.0 816.327
54.0 3.2 4.0 1199.51
54.0 3.2 6.0 796.746
54.0 3.4 4.0 1226.857
54.0 3.4 6.0 824.742
54.0 3.6 4.0 1613.754
54.0 3.6 6.0 978.581
54.0 3.8 4.0 1665.831
54.0 3.8 6.0 999.733
54.0 4.0 4.0 1632.702
54.0 4.0 6.0 975.669
54.0 4.2 6.0 1003.191
54.0 4.4 6.0 1110.576
54.0 4.6 6.0 1218.56
54.0 4.8 6.0 1191.174
54.0 5.0 6.0 1241.132
54.0 5.2 6.0 1250.022
54.0 5.4 6.0 1182.724
54.0 5.6 6.0 1226.98
54.0 5.8 6.0 1372.203
54.0 6.0 6.0 1464.733
55.0 1.4 4.0 579.156
55.0 1.4 6.0 420.63
55.0 1.6 4.0 689.655
55.0 1.6 6.0 484.368
55.0 1.8 4.0 750.27
55.0 1.8 6.0 529.957
55.0 2.0 4.0 823.765
55.0 2.0 6.0 559.43
55.0 2.2 4.0 941.149
55.0 2.2 6.0 625.295
55.0 2.4 4.0 999.697
55.0 2.4 6.0 689.655
55.0 2.6 4.0 1273.781
55.0 2.6 6.0 715.378
55.0 2.8 4.0 1212.132
55.0 2.8 6.0 743.264
55.0 3.0 4.0 1208.88
55.0 3.0 6.0 814.857
55.0 3.2 4.0 1234.84
55.0 3.2 6.0 833.496
55.0 3.4 4.0 1403.156
55.0 3.4 6.0 955.006
55.0 3.6 4.0 1672.362
55.0 3.6 6.0 1001.391
55.0 3.8 4.0 1673.864
55.0 3.8 6.0 946.738
55.0 4.0 4.0 1600.0
55.0 4.0 6.0 1005.285
55.0 4.2 6.0 999.729
55.0 4.4 6.0 1119.793
55.0 4.6 6.0 1250.028
55.0 4.8 6.0 1212.121
55.0 5.0 6.0 1212.121
55.0 5.2 6.0 1212.121
55.0 5.4 6.0 1186.621
55.0 5.6 6.0 1427.213
55.0 5.8 6.0 1438.661
55.0 6.0 6.0 1527.851
56.0 1.4 4.0 587.742
56.0 1.4 6.0 4986.543
56.0 1.6 4.0 676.485
56.0 1.6 6.0 485.921
56.0 1.8 4.0 810.094
56.0 1.8 6.0 536.497
56.0 2.0 4.0 833.35
56.0 2.0 6.0 605.24
56.0 2.2 4.0 1001.116
56.0 2.2 6.0 622.63
56.0 2.4 4.0 999.677
56.0 2.4 6.0 708.398
56.0 2.6 4.0 1212.121
56.0 2.6 6.0 707.201
56.0 2.8 4.0 1250.028
56.0 2.8 6.0 817.09
56.0 3.0 4.0 1212.121
56.0 3.0 6.0 861.152
56.0 3.2 4.0 1395.486
56.0 3.2 6.0 916.08
56.0 3.4 4.0 1600.0
56.0 3.4 6.0 975.61
56.0 3.6 4.0 1665.804
56.0 3.6 6.0 941.16
56.0 3.8 4.0 1665.63
56.0 3.8 6.0 952.381
56.0 4.0 4.0 1633.407
56.0 4.0 6.0 1106.77
56.0 4.2 6.0 1212.121
56.0 4.4 6.0 1230.871
56.0 4.6 6.0 1176.632
56.0 4.8 6.0 1212.121
56.0 5.0 6.0 1230.77
56.0 5.2 6.0 1250.025
56.0 5.4 6.0 1254.09
56.0 5.6 6.0 1435.244
56.0 5.8 6.0 1666.008
56.0 6.0 6.0 1525.606
57.0 1.4 4.0 601.534
57.0 1.4 6.0 454.59
57.0 1.6 4.0 682.889
57.0 1.6 6.0 515.835
57.0 1.8 4.0 799.422
57.0 1.8 6.0 551.698
57.0 2.0 4.0 912.055
57.0 2.0 6.0 615.4
57.0 2.2 4.0 974.265
57.0 2.2 6.0 683.761
57.0 2.4 4.0 1000.151
57.0 2.4 6.0 701.442
57.0 2.6 4.0 1176.535
57.0 2.6 6.0 800.0
57.0 2.8 4.0 1252.894
57.0 2.8 6.0 797.442
57.0 3.0 4.0 1230.769
57.0 3.0 6.0 823.186
57.0 3.2 4.0 1355.965
57.0 3.2 6.0 952.382
57.0 3.4 4.0 1600.739
57.0 3.4 6.0 978.231
57.0 3.6 4.0 1665.57
57.0 3.6 6.0 986.406
57.0 3.8 4.0 1625.295
57.0 3.8 6.0 985.972
57.0 4.0 4.0 1592.788
57.0 4.0 6.0 1095.78
57.0 4.2 6.0 1159.644
57.0 4.4 6.0 1212.121
57.0 4.6 6.0 1173.618
57.0 4.8 6.0 1250.026
57.0 5.0 6.0 1253.822
57.0 5.2 6.0 1352.216
57.0 5.4 6.0 1612.193
57.0 5.6 6.0 1665.941
57.0 5.8 6.0 1606.496
57.0 6.0 6.0 1679.067
58.0 1.4 4.0 625.1
58.0 1.4 6.0 466.469
58.0 1.6 4.0 707.088
58.0 1.6 6.0 966.471
58.0 1.8 4.0 833.351
58.0 1.8 6.0 569.968
58.0 2.0 4.0 975.61
58.0 2.0 6.0 625.01
58.0 2.2 4.0 999.724
58.0 2.2 6.0 707.952
58.0 2.4 4.0 1178.816
58.0 2.4 6.0 755.32
58.0 2.6 4.0 1250.029
58.0 2.6 6.0 782.088
58.0 2.8 4.0 1188.227
58.0 2.8 6.0 828.008
58.0 3.0 4.0 1403.509
58.0 3.0 6.0 863.238
58.0 3.2 4.0 1637.549
58.0 3.2 6.0 953.465
58.0 3.4 4.0 1634.713
58.0 3.4 6.0 975.61
58.0 3.6 4.0 1665.672
58.0 3.6 6.0 986.387
58.0 3.8 4.0 1632.839
58.0 3.8 6.0 1111.552
58.0 4.0 4.0 1998.761
58.0 4.0 6.0 1249.872
58.0 4.2 6.0 1201.038
58.0 4.4 6.0 1188.376
58.0 4.6 6.0 1173.753
58.0 4.8 6.0 1212.079
58.0 5.0 6.0 1250.004
58.0 5.2 6.0 1610.477
58.0 5.4 6.0 1633.139
58.0 5.6 6.0 1600.0
58.0 5.8 6.0 1612.545
58.0 6.0 6.0 1634.61
59.0 1.4 4.0 661.769
59.0 1.4 6.0 4997.188
59.0 1.6 4.0 759.499
59.0 1.6 6.0 538.023
59.0 1.8 4.0 833.542
59.0 1.8 6.0 596.651
59.0 2.0 4.0 962.862
59.0 2.0 6.0 672.282
59.0 2.2 4.0 1000.878
59.0 2.2 6.0 707.78
59.0 2.4 4.0 1212.121
59.0 2.4 6.0 800.006
59.0 2.6 4.0 1250.032
59.0 2.6 6.0 862.875
59.0 2.8 4.0 1199.323
59.0 2.8 6.0 937.865
59.0 3.0 4.0 1568.452
59.0 3.0 6.0 988.681
59.0 3.2 4.0 1665.876
59.0 3.2 6.0 952.381
59.0 3.4 4.0 1600.0
59.0 3.4 6.0 961.435
59.0 3.6 4.0 1687.737
59.0 3.6 6.0 1116.97
59.0 3.8 4.0 2012.603
59.0 3.8 6.0 1209.898
59.0 4.0 4.0 1961.554
59.0 4.0 6.0 1181.452
59.0 4.2 6.0 1191.672
59.0 4.4 6.0 1228.256
59.0 4.6 6.0 1372.713
59.0 4.8 6.0 1240.963
59.0 5.0 6.0 1573.47
59.0 5.2 6.0 1528.031
59.0 5.4 6.0 1644.307
59.0 5.6 6.0 1665.504
59.0 5.8 6.0 1665.744
59.0 6.0 6.0 1665.612
60.0 1.4 4.0 707.981
60.0 1.4 6.0 500.361
60.0 1.6 4.0 826.345
60.0 1.6 6.0 566.95
60.0 1.8 4.0 899.585
60.0 1.8 6.0 620.416
60.0 2.0 4.0 987.654
60.0 2.0 6.0 714.145
60.0 2.2 4.0 1176.471
60.0 2.2 6.0 754.713
60.0 2.4 4.0 1250.032
60.0 2.4 6.0 833.342
60.0 2.6 4.0 1235.132
60.0 2.6 6.0 822.929
60.0 2.8 4.0 1428.694
60.0 2.8 6.0 963.846
60.0 3.0 4.0 1632.653
60.0 3.0 6.0 924.518
60.0 3.2 4.0 1622.394
60.0 3.2 6.0 958.894
60.0 3.4 4.0 1632.653
60.0 3.4 6.0 1114.963
60.0 3.6 4.0 1951.22
60.0 3.6 6.0 1230.788
60.0 3.8 4.0 2000.925
60.0 3.8 6.0 1159.399
60.0 4.0 4.0 2554.541
60.0 4.0 6.0 1233.507
60.0 4.2 6.0 1209.468
60.0 4.4 6.0 1417.656
60.0 4.6 6.0 1306.228
60.0 4.8 6.0 1526.766
60.0 5.0 6.0 1481.481
60.0 5.2 6.0 1594.836
60.0 5.4 6.0 1633.079
60.0 5.6 6.0 1556.656
60.0 5.8 6.0 1633.696
60.0 6.0 6.0 1634.599
