20 1 4.991k
20 1.2 327.196
20 1.4 375.43
20 1.6 416.023
20 1.8 485.698
20 2 519.48
20 2.2 551.707
20 2.4 620.733
20 2.6 661.139
20 2.8 715.192
20 3 727.562
20 3.2 824.742
20 3.4 805.511
20 3.6 889.079
20 3.8 990.654
20 4 975.61
20 4.2 988.466
20 4.4 2.472k
20 4.6 1.209k
20 4.8 3.772k
20 5 4.082k
20 5.2 3.513k
20 5.4 6.14k
20 5.6 1.751k
20 5.8 4.282k
20 6 6.307k
20 6.2 6.98k
20 6.4 1.489k
20 6.6 6.449k
20 6.8 4.19k
20 7 1.845k
20 7.2 1.174k
20 7.6 1.587k
20 7.8 2.094k
20 8 2.39k
20 8.2 2.545k
20 8.4 1.95k
20 8.6 3.687k
20 8.8 6.915k
20 9 2.663k
20 9.2 6.324k
20 9.4 3.529k
20 9.6 1.868k
20 9.8 5.407k
20 10 3.742k
20.5 1.4 373.194
20.5 1.6 427.504
20.5 1.8 487.805
20.5 2 516.127
20.5 2.2 564.431
20.5 2.4 605.556
20.5 2.6 660.604
20.5 2.8 708.03
20.5 3 713.623
20.5 3.2 824.742
20.5 3.4 806.883
20.5 3.6 824.36
20.5 3.8 987.654
20.5 4 942.278
20.5 4.2 975.61
20.5 4.4 5.738k
20.5 4.6 4.192k
20.5 4.8 2.484k
20.5 5 2.483k
20.5 5.2 2.551k
20.5 5.4 2.754k
20.5 5.6 1.768k
20.5 5.8 5.818k
20.5 6.2 4.131k
20.5 6.4 2.253k
20.5 6.6 2.382k
20.5 6.8 2.077k
20.5 7 5.223k
20.5 7.2 1.742k
20.5 7.4 4.221k
20.5 7.6 2.025k
20.5 7.8 2.077k
20.5 8 4.523k
20.5 8.2 1.466k
20.5 8.4 3.802k
20.5 8.6 1.941k
20.5 8.8 2.012k
20.5 9 1.639k
20.5 9.2 2.3k
20.5 9.4 1.917k
20.5 9.6 1.134k
20.5 9.8 5.203k
20.5 10 1.959k
21 1 279.221
21 1.2 327.505
21 1.4 378.49
21 1.6 423.315
21 1.8 475.976
21 2 527.37
21 2.2 555.489
21 2.4 614.791
21 2.6 656.599
21 2.8 707.93
21 3 767.604
21 3.2 824.742
21 3.4 816.327
21 3.6 921.528
21 3.8 975.588
21 4 984.958
21 4.2 988.229
21 4.4 4.509k
21 4.6 1.664k
21 4.8 2.682k
21 5 4.523k
21 5.2 2.835k
21 5.4 2.789k
21 5.6 3.101k
21 5.8 2.778k
21 6 1.671k
21 6.2 3.234k
21 6.4 2.706k
21 6.6 1.631k
21 6.8 2.132k
21 7 3.059k
21 7.2 1.955k
21 7.4 4.381k
21 7.6 5.648k
21 7.8 6.285k
21 8 1.527k
21 8.2 4.65k
21 8.4 6.013k
21 8.6 3.933k
21 8.8 1.019k
21 9 5.992k
21 9.2 4.873k
21 9.4 5.38k
21 9.6 3.586k
21 9.8 2.513k
21 10 7.546k
21.5 1.2 327.031
21.5 1.4 378.251
21.5 1.6 420.93
21.5 1.8 475.209
21.5 2 533.333
21.5 2.2 555.564
21.5 2.4 620.155
21.5 2.6 663.392
21.5 2.8 707.965
21.5 3 767.23
21.5 3.2 833.341
21.5 3.4 823.294
21.5 3.6 896.375
21.5 3.8 972.991
21.5 4 975.61
21.5 4.2 985.127
21.5 4.4 6.938k
21.5 4.6 1.18k
21.5 4.8 3.171k
21.5 5 2.604k
21.5 5.2 5.016k
21.5 5.4 4.557k
21.5 5.6 1.694k
21.5 5.8 6.129k
21.5 6 1.854k
21.5 6.2 3.948k
21.5 6.4 2.061k
21.5 6.6 1.518k
21.5 6.8 3.032k
21.5 7 5.551k
21.5 7.2 5.567k
21.5 7.4 2.181k
21.5 7.6 1.675k
21.5 7.8 4.719k
21.5 8 2.254k
21.5 8.2 1.701k
21.5 8.4 3.221k
21.5 8.6 1.827k
21.5 8.8 5.792k
21.5 9 3.866k
21.5 9.2 2.438k
21.5 9.4 1.961k
21.5 9.6 3.645k
21.5 10 5.118k
22 1.2 330.59
22 1.4 388.187
22 1.6 418.563
22 1.8 491.009
22 2 516.111
22 2.2 555.55
22 2.4 600.18
22 2.6 662.969
22 2.8 707.236
22 3 711.309
22 3.2 824.804
22 3.4 834.92
22 3.6 5.607k
22 3.8 973.175
22 4 975.785
22 4.2 999.776
22 4.4 4.714k
22 4.6 2.945k
22 4.8 4.577k
22 5 2.465k
22 5.2 1.035k
22 5.4 1.683k
22 5.6 3.572k
22 5.8 2.517k
22 6 3.117k
22 6.2 632.378
22 6.4 1.717k
22 6.6 4.675k
22 6.8 7.844k
22 7 3.195k
22 7.6 1.816k
22 7.8 2.5k
22 8 2.733k
22 8.2 2.306k
22 8.4 1.498k
22 8.6 2.871k
22 8.8 3.202k
22 9 1.673k
22 9.2 1.493k
22 9.4 2.554k
22 9.6 1.739k
22 9.8 1.3k
22 10 1.389k
22.5 1 282.226
22.5 1.2 5.004k
22.5 1.4 375.119
22.5 1.6 417.596
22.5 1.8 473.192
22.5 2 515.208
22.5 2.2 551.719
22.5 2.4 614.909
22.5 2.6 654.37
22.5 2.8 714.159
22.5 3 708.701
22.5 3.2 833.35
22.5 3.4 804.528
22.5 3.6 897.472
22.5 3.8 999.582
22.5 4 1.002k
22.5 4.2 1.003k
22.5 4.4 2.711k
22.5 4.6 5.806k
22.5 4.8 4.364k
22.5 5 2.197k
22.5 5.2 929.895
22.5 5.4 2.559k
22.5 5.6 3.516k
22.5 5.8 1.543k
22.5 6 2.908k
22.5 6.2 1.881k
22.5 6.4 3.555k
22.5 6.8 995.969
22.5 7 2.056k
22.5 7.2 3.297k
22.5 7.4 2.627k
22.5 7.6 8.603k
22.5 7.8 2.059k
22.5 8 2.246k
22.5 8.2 3.163k
22.5 8.4 1.564k
22.5 8.6 1.407k
22.5 8.8 4.84k
22.5 9 1.856k
22.5 9.2 4.013k
22.5 9.4 3.72k
22.5 9.6 3.327k
22.5 9.8 2.669k
22.5 10 2.299k
23 1 283.15
23 1.2 335.883
23 1.4 384.486
23 1.6 421.109
23 1.8 481.685
23 2 523.179
23 2.2 555.483
23 2.4 615.385
23 2.6 668.435
23 2.8 714.174
23 3 763.291
23 3.2 816.382
23 3.4 805.632
23 3.6 900.69
23 3.8 975.61
23 4 939.927
23 4.2 970.866
23 4.4 2.672k
23 4.6 4.375k
23 4.8 2.637k
23 5 3.222k
23 5.2 1.274k
23 5.4 2.783k
23 5.6 2.786k
23 5.8 1.517k
23 6 2.315k
23 6.2 3.448k
23 6.4 1.077k
23 6.6 2.236k
23 6.8 2.691k
23 7 4.124k
23 7.2 3.064k
23 7.4 3.8k
23 7.6 3.882k
23 7.8 2.058k
23 8 2.536k
23 8.2 6.08k
23 8.4 2.862k
23 8.6 1.548k
23 8.8 1.985k
23 9 5.123k
23 9.2 2.877k
23 9.4 4.431k
23 9.6 1.607k
23 9.8 2.848k
23 10 2.694k
23.5 1.2 326.769
23.5 1.4 377.426
23.5 1.6 430.054
23.5 1.8 481.93
23.5 2 519.479
23.5 2.2 555.476
23.5 2.4 620.677
23.5 2.6 693.57
23.5 2.8 714.17
23.5 3 743.056
23.5 3.2 823.263
23.5 3.4 815.482
23.5 3.6 911.405
23.5 3.8 999.754
23.5 4 1.005k
23.5 4.2 987.862
23.5 4.4 3.508k
23.5 4.6 4.608k
23.5 4.8 3.08k
23.5 5 4.484k
23.5 5.2 4.875k
23.5 5.4 1.611k
23.5 5.6 2.441k
23.5 5.8 5.194k
23.5 6 3.376k
23.5 6.2 2.79k
23.5 6.4 3.214k
23.5 6.6 3.029k
23.5 6.8 4.491k
23.5 7 3.468k
23.5 7.2 1.734k
23.5 7.4 2.603k
23.5 7.6 2.758k
23.5 7.8 1.694k
23.5 8 2.346k
23.5 8.2 6.801k
23.5 8.4 3.175k
23.5 8.6 3.24k
23.5 8.8 3.166k
23.5 9 1.536k
23.5 9.2 2.624k
23.5 9.4 1.561k
23.5 9.6 3.324k
23.5 10 5.921k
24 1 833.506
24 1.2 328.763
24 1.4 375.438
24 1.6 428.091
24 1.8 479.584
24 2 527.289
24 2.2 555.766
24 2.4 610.684
24 2.6 688.912
24 2.8 714.223
24 3 710.996
24 3.2 833.352
24 3.4 818.531
24 3.6 888.891
24 3.8 975.592
24 4 978.164
24 4.2 2.427k
24 4.4 4.854k
24 4.6 1.299k
24 4.8 4.745k
24 5 1.642k
24 5.2 7.138k
24 5.4 5.71k
24 5.6 3.302k
24 5.8 2.079k
24 6 2.444k
24 6.2 1.698k
24 6.4 5.855k
24 6.6 2.444k
24 6.8 3.58k
24 7 2.038k
24 7.2 1.975k
24 7.4 1.377k
24 7.6 4.362k
24 7.8 3.011k
24 8 3.024k
24 8.2 3.004k
24 8.4 4.092k
24 8.6 1.778k
24 8.8 2.695k
24 9 1.451k
24 9.2 3.344k
24 9.4 2.705k
24 9.6 3.087k
24 9.8 1.219k
24 10 2.154k
24.5 1 830.308
24.5 1.4 374.794
24.5 1.6 444.872
24.5 1.8 482.412
24.5 2 539.955
24.5 2.2 563.862
24.5 2.4 620.156
24.5 2.6 689.776
24.5 2.8 714.207
24.5 3 746.433
24.5 3.2 814.938
24.5 3.4 833.342
24.5 3.6 885.132
24.5 3.8 975.61
24.5 4 999.574
24.5 4.2 985.272
24.5 4.4 2.166k
24.5 4.6 4.657k
24.5 4.8 1.683k
24.5 5 2.687k
24.5 5.2 2.082k
24.5 5.4 3.97k
24.5 5.6 2.264k
24.5 5.8 3.299k
24.5 6 4.999k
24.5 6.2 2.737k
24.5 6.4 2.595k
24.5 6.6 3.082k
24.5 6.8 1.818k
24.5 7 1.871k
24.5 7.2 1.447k
24.5 7.4 1.925k
24.5 7.6 1.911k
24.5 7.8 5.621k
24.5 8 5k
24.5 8.2 4.171k
24.5 8.4 3.321k
24.5 8.6 5.572k
24.5 8.8 3.706k
24.5 9 3.099k
24.5 9.2 1.463k
24.5 9.4 3.417k
24.5 9.6 3.493k
24.5 9.8 2.483k
24.5 10 6.079k
25 1 290.901
25 1.4 378.942
25 1.6 425.494
25 1.8 472.626
25 2 514.667
25 2.2 555.421
25 2.4 619.583
25 2.6 701.754
25 2.8 714.178
25 3 745.25
25 3.2 824.742
25 3.4 833.342
25 3.6 962.535
25 3.8 987.679
25 4 987.434
25 4.2 999.816
25 4.4 4.481k
25 4.6 1.78k
25 4.8 1.784k
25 5 4.454k
25 5.2 4.665k
25 5.4 4.342k
25 5.6 4.093k
25 5.8 4.983k
25 6 3.942k
25 6.2 4.352k
25 6.4 1.981k
25 6.6 3.5k
25 6.8 4.371k
25 7 4.497k
25 7.2 1.579k
25 7.4 1.709k
25 7.6 1.909k
25 7.8 5k
25 8 1.646k
25 8.2 2.816k
25 8.4 5k
25 8.6 2.842k
25 8.8 5.391k
25 9 6.839k
25 9.2 3.036k
25 9.4 1.232k
25 9.6 2.221k
25 9.8 1.633k
25 10 2.837k
25.5 1.4 379.106
25.5 1.6 419.469
25.5 1.8 474.919
25.5 2 522.291
25.5 2.2 589.083
25.5 2.4 620.155
25.5 2.6 704.333
25.5 2.8 708.513
25.5 3 791.605
25.5 3.2 814.846
25.5 3.4 816.327
25.5 3.6 888.889
25.5 3.8 975.61
25.5 4 990.412
25.5 4.2 1.002k
25.5 4.4 5.783k
25.5 4.6 1.565k
25.5 4.8 3.018k
25.5 5 3.478k
25.5 5.2 1.27k
25.5 5.4 1.323k
25.5 5.6 4.547k
25.5 5.8 3.803k
25.5 6 4.438k
25.5 6.2 5.164k
25.5 6.4 3.97k
25.5 6.6 3.765k
25.5 6.8 1.368k
25.5 7 6.973k
25.5 7.2 5k
25.5 7.4 3k
25.5 7.6 1.467k
25.5 7.8 2.786k
25.5 8 6.335k
25.5 8.2 4.781k
25.5 8.4 1.9k
25.5 8.6 5.077k
25.5 8.8 1.635k
25.5 9 3.662k
25.5 9.2 1.736k
25.5 9.4 2.666k
25.5 9.6 3.503k
25.5 9.8 4.316k
25.5 10 1.338k
26 1 292.011
26 1.2 338.968
26 1.4 382.806
26 1.6 432.55
26 1.8 478.662
26 2 532.741
26 2.2 555.464
26 2.4 620.687
26 2.6 688.731
26 2.8 708.091
26 3 761.905
26 3.2 834.943
26 3.4 816.327
26 3.6 908.972
26 3.8 973.719
26 4 1.01k
26 4.2 972.055
26 4.4 4.717k
26 4.6 3.322k
26 4.8 3k
26 5 4.444k
26 5.2 5.52k
26 5.4 1.863k
26 5.6 1.583k
26 5.8 4.524k
26 6 1.87k
26 6.2 2.988k
26 6.4 4.016k
26 6.6 6.492k
26 6.8 1.864k
26 7 1.667k
26 7.2 1.971k
26 7.4 4.659k
26 7.6 2.475k
26 7.8 2.318k
26 8 3.236k
26 8.2 5.046k
26 8.4 3.393k
26 8.6 3.131k
26 8.8 4.157k
26 9 2.383k
26 9.2 3.092k
26 9.4 2.561k
26 9.6 2.639k
26 9.8 1.265k
26 10 1.412k
26.5 1 287.22
26.5 1.2 331.416
26.5 1.4 379.801
26.5 1.6 431.816
26.5 1.8 498.504
26.5 2 525.001
26.5 2.2 559.759
26.5 2.4 615.385
26.5 2.6 671.019
26.5 2.8 707.134
26.5 3 757.256
26.5 3.2 833.272
26.5 3.4 834.742
26.5 3.6 898.658
26.5 3.8 990.559
26.5 4 1.002k
26.5 4.2 975.61
26.5 4.4 5.022k
26.5 4.6 2.659k
26.5 4.8 4.291k
26.5 5 3.12k
26.5 5.2 5.036k
26.5 5.4 3.022k
26.5 5.6 2.723k
26.5 5.8 3.732k
26.5 6 1.394k
26.5 6.2 1.569k
26.5 6.4 4.349k
26.5 6.6 3.361k
26.5 6.8 3.525k
26.5 7 1.309k
26.5 7.2 2.549k
26.5 7.4 3.191k
26.5 7.6 1.948k
26.5 7.8 2.16k
26.5 8 1.597k
26.5 8.2 2.603k
26.5 8.4 6.099k
26.5 8.6 3.846k
26.5 8.8 1.311k
26.5 9 2.413k
26.5 9.2 2.558k
26.5 9.4 2.178k
26.5 9.6 2.899k
26.5 9.8 2.532k
26.5 10 1.353k
27 1.2 340.202
27 1.4 380.96
27 1.6 433.136
27 1.8 478.494
27 2 545.178
27 2.2 555.612
27 2.4 620.155
27 2.6 691.26
27 2.8 707.14
27 3 755.963
27 3.2 815.003
27 3.4 815.907
27 3.6 914.182
27 3.8 999.727
27 4 966.164
27 4.2 973.221
27 4.4 4.675k
27 4.6 2.446k
27 4.8 2.673k
27 5 5.558k
27 5.2 2.861k
27 5.4 3.346k
27 5.6 4.044k
27 5.8 2.299k
27 6 2.757k
27 6.2 5k
27 6.4 1.82k
27 6.6 3.886k
27 6.8 4.548k
27 7 4.33k
27 7.2 1.232k
27 7.4 1.78k
27 7.6 3.752k
27 7.8 2.035k
27 8 2.279k
27 8.2 2k
27 8.4 2.061k
27 8.6 1.092k
27 8.8 6.304k
27 9 1.871k
27 9.2 5.038k
27 9.4 3.567k
27 9.6 1.761k
27 9.8 5.795k
27 10 3.221k
27.5 1 284.388
27.5 1.2 332.294
27.5 1.4 380.9
27.5 1.6 437.428
27.5 1.8 481.321
27.5 2 532.425
27.5 2.2 554.243
27.5 2.4 620.155
27.5 2.6 679.464
27.5 2.8 707.966
27.5 3 761.713
27.5 3.2 824.694
27.5 3.4 824.801
27.5 3.6 887.069
27.5 3.8 975.61
27.5 4 987.655
27.5 4.2 987.655
27.5 4.4 2.667k
27.5 4.6 3.261k
27.5 4.8 1.485k
27.5 5 3.294k
27.5 5.2 3.799k
27.5 5.4 4.94k
27.5 5.6 5.557k
27.5 5.8 3.245k
27.5 6 1.083k
27.5 6.2 1.345k
27.5 6.4 882.987
27.5 6.6 3.334k
27.5 6.8 3.764k
27.5 7 2.441k
27.5 7.2 3.449k
27.5 7.4 2.669k
27.5 7.6 1.782k
27.5 7.8 1.567k
27.5 8 2.402k
27.5 8.2 3.11k
27.5 8.4 1.2k
27.5 8.6 4.112k
27.5 8.8 1.641k
27.5 9 3.772k
27.5 9.2 5.345k
27.5 9.4 3.531k
27.5 9.6 4.401k
27.5 9.8 2.488k
27.5 10 1.867k
28 1 288.703
28 1.2 332.147
28 1.4 382.785
28 1.6 437.609
28 1.8 484.201
28 2 529.525
28 2.2 575.892
28 2.4 625.006
28 2.6 677.964
28 2.8 714.201
28 3 727.573
28 3.2 834.899
28 3.4 834.779
28 3.6 914.175
28 3.8 987.97
28 4 980.28
28 4.2 975.65
28 4.4 2.488k
28 4.6 2.871k
28 4.8 2.82k
28 5 3.786k
28 5.2 2.355k
28 5.4 2.683k
28 5.6 5.329k
28 5.8 3.203k
28 6 1.406k
28 6.2 2.116k
28 6.4 1.625k
28 6.6 2.275k
28 6.8 2.193k
28 7 1.19k
28 7.2 5.154k
28 7.4 4.153k
28 7.6 5.093k
28 7.8 3.717k
28 8 5.193k
28 8.2 2.902k
28 8.4 3.418k
28 8.6 1.946k
28 8.8 1.899k
28 9 6.456k
28 9.2 2.892k
28 9.4 3.417k
28 9.6 1.062k
28 9.8 4.471k
28 10 3.814k
28.5 1 431.807
28.5 1.2 337.561
28.5 1.4 378.083
28.5 1.6 447.724
28.5 1.8 482.417
28.5 2 529.537
28.5 2.2 555.458
28.5 2.4 625.497
28.5 2.6 690.367
28.5 2.8 714.213
28.5 3 753.812
28.5 3.2 824.681
28.5 3.4 836.975
28.5 3.6 876.993
28.5 3.8 1.003k
28.5 4 984.825
28.5 4.2 987.637
28.5 4.4 4.655k
28.5 4.6 2.057k
28.5 4.8 1.777k
28.5 5 1.826k
28.5 5.2 1.536k
28.5 5.4 1.702k
28.5 5.6 4.021k
28.5 5.8 4.165k
28.5 6 3.273k
28.5 6.2 6.367k
28.5 6.4 2.563k
28.5 6.8 1.869k
28.5 7 1.856k
28.5 7.2 1.709k
28.5 7.4 2.808k
28.5 7.6 2.67k
28.5 7.8 4.518k
28.5 8 3.031k
28.5 8.2 1.64k
28.5 8.4 3.192k
28.5 8.6 3.244k
28.5 8.8 1.307k
28.5 9 5.669k
28.5 9.2 2.165k
28.5 9.4 2.356k
28.5 9.6 3.151k
28.5 9.8 2.644k
28.5 10 5.954k
29 1.2 338.187
29 1.4 382.769
29 1.6 440.274
29 1.8 467.396
29 2 547.945
29 2.2 555.369
29 2.4 615.854
29 2.6 676.413
29 2.8 714.175
29 3 755.106
29 3.2 823.223
29 3.4 813.542
29 3.6 974.398
29 3.8 999.735
29 4 961.369
29 4.2 985.927
29 4.4 2.939k
29 4.6 4.75k
29 4.8 2.502k
29 5 2.528k
29 5.2 2.191k
29 5.4 5.866k
29 5.6 3.824k
29 5.8 3.252k
29 6 2.308k
29 6.2 3.499k
29 6.4 3.168k
29 6.6 1.182k
29 6.8 3.077k
29 7 6.158k
29 7.2 2.45k
29 7.4 3.648k
29 7.6 3.2k
29 7.8 2.561k
29 8 3.37k
29 8.2 1.832k
29 8.4 3.013k
29 8.6 2.703k
29 8.8 4.254k
29 9 1.538k
29 9.2 5.808k
29 9.4 1.388k
29 9.6 2.993k
29 9.8 771.764
29 10 2.363k
29.5 1 4.984k
29.5 1.2 332.988
29.5 1.4 380.96
29.5 1.6 425.128
29.5 1.8 481.568
29.5 2 544.549
29.5 2.2 555.328
29.5 2.4 619.515
29.5 2.6 687.975
29.5 2.8 714.219
29.5 3 754.73
29.5 3.2 824.84
29.5 3.4 814.763
29.5 3.6 887.879
29.5 3.8 999.747
29.5 4 999.752
29.5 4.2 1k
29.5 4.4 3.376k
29.5 4.6 2.08k
29.5 4.8 2.366k
29.5 5 929.243
29.5 5.2 5.436k
29.5 5.4 1.892k
29.5 5.6 2.252k
29.5 5.8 4.336k
29.5 6 1.124k
29.5 6.2 2.241k
29.5 6.4 2.831k
29.5 6.6 3.538k
29.5 6.8 3.227k
29.5 7 3.576k
29.5 7.2 1.829k
29.5 7.6 1.645k
29.5 7.8 2.37k
29.5 8 3.047k
29.5 8.2 1.409k
29.5 8.4 6.275k
29.5 8.6 3.285k
29.5 8.8 1.219k
29.5 9 3.437k
29.5 9.2 5.609k
29.5 9.4 3.123k
29.5 9.6 4.753k
29.5 9.8 4.806k
30 1.2 334.135
30 1.4 380.961
30 1.6 433.299
30 1.8 485.66
30 2 551.725
30 2.2 553.753
30 2.4 621.329
30 2.6 689.655
30 2.8 714.187
30 3 739.694
30 3.2 814.848
30 3.4 834.92
30 3.6 988.614
30 3.8 999.736
30 4 970.946
30 4.2 999.79
30 4.4 1.816k
30 4.6 3.703k
30 4.8 2.437k
30 5 3.905k
30 5.2 955.518
30 5.4 2.525k
30 5.6 1.374k
30 5.8 5.714k
30 6 2.914k
30 6.2 4.266k
30 6.4 5.55k
30 6.6 2.688k
30 6.8 4.806k
30 7 5.085k
30 7.2 2.297k
30 7.4 2.905k
30 7.6 2.232k
30 7.8 6.404k
30 8 4.841k
30 8.2 2.5k
30 8.4 1.79k
30 8.6 2.778k
30 8.8 1.183k
30 9 1.671k
30 9.2 2.226k
30 9.4 3.123k
30 9.6 2.55k
30 9.8 2.822k
30 10 2.405k
30.5 1.2 338.611
30.5 1.4 379.497
30.5 1.6 437.81
30.5 1.8 491.523
30.5 2 528.658
30.5 2.2 568.411
30.5 2.4 625.553
30.5 2.6 700.983
30.5 2.8 714.179
30.5 3 769.088
30.5 3.2 824.742
30.5 3.4 815.739
30.5 3.6 876.091
30.5 3.8 999.546
30.5 4 999.7
30.5 4.2 4.999k
30.5 4.4 1.668k
30.5 4.6 5.745k
30.5 4.8 6.987k
30.5 5 4.66k
30.5 5.2 7.114k
30.5 5.4 1.538k
30.5 5.6 3.499k
30.5 5.8 3.041k
30.5 6 2.104k
30.5 6.2 2.962k
30.5 6.4 5.316k
30.5 6.6 1.623k
30.5 6.8 1.666k
30.5 7 1.602k
30.5 7.2 3.025k
30.5 7.4 3.265k
30.5 7.6 1.752k
30.5 7.8 5k
30.5 8 4.628k
30.5 8.2 1.436k
30.5 8.4 1.645k
30.5 8.6 1.52k
30.5 8.8 3.919k
30.5 9 2.642k
30.5 9.2 6.087k
30.5 9.4 1.602k
30.5 9.6 1.74k
30.5 9.8 4.494k
30.5 10 2.045k
31 1 289.477
31 1.2 337.105
31 1.4 380.274
31 1.6 430.166
31 1.8 485.291
31 2 535.247
31 2.2 554.471
31 2.4 620.146
31 2.6 684.612
31 2.8 714.186
31 3 753.239
31 3.2 833.352
31 3.4 836.126
31 3.6 932.252
31 3.8 984.721
31 4 975.61
31 4.2 5.251k
31 4.4 2.739k
31 4.6 3.069k
31 4.8 2.505k
31 5 5.304k
31 5.2 2.127k
31 5.4 2.914k
31 5.6 3.012k
31 5.8 2.81k
31 6 6.058k
31 6.2 2.109k
31 6.4 1.266k
31 6.6 5.011k
31 6.8 3.175k
31 7 3.234k
31 7.2 2.544k
31 7.4 7.688k
31 7.6 4.152k
31 7.8 2.684k
31 8 2.812k
31 8.2 4.308k
31 8.4 2.894k
31 8.6 6.068k
31 8.8 1.498k
31 9 5.701k
31 9.2 6.546k
31 9.4 1.166k
31 9.6 2.787k
31 9.8 5.727k
31 10 4.776k
31.5 1 576.086
31.5 1.2 314.264
31.5 1.4 384.704
31.5 1.6 434.989
31.5 1.8 493.827
31.5 2 541.19
31.5 2.2 581.913
31.5 2.4 621.293
31.5 2.6 717.656
31.5 2.8 714.204
31.5 3 768.809
31.5 3.2 833.279
31.5 3.4 823.932
31.5 3.6 868.823
31.5 3.8 984.693
31.5 4 987.654
31.5 4.2 4.274k
31.5 4.4 2.281k
31.5 4.6 2.589k
31.5 4.8 2.5k
31.5 5 2.03k
31.5 5.2 2.57k
31.5 5.4 2.149k
31.5 5.6 3.601k
31.5 5.8 3.369k
31.5 6 3.164k
31.5 6.2 1.582k
31.5 6.4 3.624k
31.5 6.6 6.789k
31.5 6.8 7.099k
31.5 7 2.964k
31.5 7.2 4.536k
31.5 7.4 2.298k
31.5 7.6 3.372k
31.5 7.8 1.43k
31.5 8 4.739k
31.5 8.2 6.425k
31.5 8.4 2.035k
31.5 8.6 5.66k
31.5 8.8 2.381k
31.5 9 2.518k
31.5 9.2 2.068k
31.5 9.4 1.926k
31.5 9.6 5.672k
31.5 9.8 2.295k
31.5 10 5.255k
32 1 286.88
32 1.2 343.56
32 1.4 380.042
32 1.6 449.438
32 1.8 473.515
32 2 526.599
32 2.2 571.609
32 2.4 625.016
32 2.6 687.95
32 2.8 714.842
32 3 734.564
32 3.2 824.83
32 3.4 823.651
32 3.6 911.133
32 3.8 999.723
32 4 973.535
32 4.2 4.976k
32 4.4 4.293k
32 4.6 2.932k
32 4.8 3.782k
32 5 3.053k
32 5.2 2.451k
32 5.4 1.049k
32 5.6 2.41k
32 5.8 4.598k
32 6 1.037k
32 6.2 4.092k
32 6.4 4.224k
32 6.6 5.267k
32 6.8 3.56k
32 7 3.335k
32 7.2 3.515k
32 7.4 2.32k
32 7.6 2.186k
32 7.8 1.657k
32 8 861.679
32 8.2 2.004k
32 8.4 3.381k
32 8.6 2.082k
32 8.8 1.289k
32 9 4.612k
32 9.2 1.428k
32 9.4 1.441k
32 9.6 2.311k
32 9.8 2.484k
32 10 838.858
32.5 1 286.971
32.5 1.4 382.72
32.5 1.6 452.136
32.5 1.8 491.016
32.5 2 540.848
32.5 2.2 563.742
32.5 2.4 614.786
32.5 2.6 683.067
32.5 2.8 714.209
32.5 3 758.135
32.5 3.2 823.138
32.5 3.4 836.007
32.5 3.6 977.86
32.5 3.8 999.848
32.5 4 965.562
32.5 4.2 999.789
32.5 4.4 1.558k
32.5 4.6 2.474k
32.5 4.8 2.133k
32.5 5 3.716k
32.5 5.2 3.111k
32.5 5.4 6.062k
32.5 5.6 1.833k
32.5 5.8 6.467k
32.5 6 5.296k
32.5 6.2 3.516k
32.5 6.4 749.24
32.5 6.6 922.145
32.5 6.8 4.176k
32.5 7 3.449k
32.5 7.2 2.822k
32.5 7.4 5.551k
32.5 7.6 3.128k
32.5 7.8 5.703k
32.5 8.2 2k
32.5 8.4 1.427k
32.5 8.6 3.37k
32.5 8.8 2.44k
32.5 9 3.52k
32.5 9.2 5.084k
32.5 9.4 3.883k
32.5 9.6 2.238k
32.5 9.8 1.922k
32.5 10 4.368k
33 1.2 340.572
33 1.4 384.705
33 1.6 437.156
33 1.8 484.848
33 2 525.739
33 2.2 554.432
33 2.4 625.011
33 2.6 689.655
33 2.8 714.212
33 3 799.458
33 3.2 833.277
33 3.4 833.355
33 3.6 961.418
33 3.8 987.739
33 4 989.918
33 4.2 5k
33 4.4 5.602k
33 4.6 1.298k
33 4.8 1.624k
33 5 7.218k
33 5.2 1.604k
33 5.4 2.709k
33 5.6 2.478k
33 5.8 3.653k
33 6 5.513k
33 6.2 4.592k
33 6.4 2.594k
33 6.6 4.985k
33 6.8 1.347k
33 7 6.257k
33 7.2 2.903k
33 7.4 4.503k
33 7.6 6.705k
33 7.8 912.981
33 8 2.32k
33 8.2 1.435k
33 8.4 5k
33 8.6 2.281k
33 8.8 2.989k
33 9 2.035k
33 9.2 1.946k
33 9.4 3.181k
33 9.6 2.114k
33 9.8 4.51k
33 10 3.265k
33.5 1.2 336.82
33.5 1.4 382.443
33.5 1.6 452.185
33.5 1.8 482.363
33.5 2 547.945
33.5 2.2 575.536
33.5 2.4 619.672
33.5 2.6 669.499
33.5 2.8 714.192
33.5 3 793.203
33.5 3.2 833.342
33.5 3.4 815.612
33.5 3.6 952.381
33.5 3.8 999.74
33.5 4 968.302
33.5 4.2 4.955k
33.5 4.4 4.496k
33.5 4.6 1.465k
33.5 4.8 1.783k
33.5 5 4.266k
33.5 5.2 2.079k
33.5 5.4 2.887k
33.5 5.6 2.227k
33.5 5.8 1.348k
33.5 6 5.172k
33.5 6.2 2.213k
33.5 6.4 5.743k
33.5 6.6 2.947k
33.5 6.8 4.901k
33.5 7 4.503k
33.5 7.2 2.948k
33.5 7.4 1.403k
33.5 7.6 3.679k
33.5 7.8 2.147k
33.5 8 3.326k
33.5 8.2 1.995k
33.5 8.4 1.511k
33.5 8.6 1.895k
33.5 8.8 6.778k
33.5 9 2.028k
33.5 9.2 5.011k
33.5 9.4 3.852k
33.5 9.6 3.509k
33.5 9.8 3.844k
33.5 10 7.854k
34 1.2 449.806
34 1.4 380.5
34 1.6 446.987
34 1.8 488.5
34 2 536.922
34 2.2 583.942
34 2.4 625.014
34 2.6 682.954
34 2.8 714.202
34 3 792.183
34 3.2 824.742
34 3.4 816.327
34 3.6 966.501
34 3.8 999.739
34 4 987.432
34 4.2 4.976k
34 4.4 2.044k
34 4.6 4.066k
34 4.8 3.815k
34 5 3.171k
34 5.2 3.098k
34 5.4 2.874k
34 5.6 1.895k
34 5.8 4.51k
34 6 5.315k
34 6.2 3.526k
34 6.4 7.437k
34 6.6 3.173k
34 6.8 5.936k
34 7 6.363k
34 7.2 4.815k
34 7.4 5.459k
34 7.6 3.799k
34 7.8 6.386k
34 8 1.715k
34 8.2 2.457k
34 8.4 2.504k
34 8.6 3.114k
34 8.8 5.83k
34 9 1.446k
34 9.2 1.855k
34 9.4 1.911k
34 9.6 2.571k
34 9.8 2.488k
34 10 2.252k
34.5 1.2 343.05
34.5 1.4 383.704
34.5 1.6 447.191
34.5 1.8 481.205
34.5 2 556.594
34.5 2.2 562.924
34.5 2.4 620.156
34.5 2.6 676.516
34.5 2.8 714.173
34.5 3 809.387
34.5 3.2 824.742
34.5 3.4 805.777
34.5 3.6 952.382
34.5 3.8 990.325
34.5 4 999.623
34.5 4.2 4.999k
34.5 4.4 2.867k
34.5 4.6 2.491k
34.5 4.8 2.152k
34.5 5 3.148k
34.5 5.2 5.488k
34.5 5.4 2.529k
34.5 5.6 5.907k
34.5 5.8 1.875k
34.5 6 868.685
34.5 6.2 1.657k
34.5 6.4 4.667k
34.5 6.6 5k
34.5 6.8 1.88k
34.5 7 2.041k
34.5 7.2 5.015k
34.5 7.4 1.577k
34.5 7.6 5.886k
34.5 7.8 2.718k
34.5 8 3.35k
34.5 8.2 4.781k
34.5 8.4 3.402k
34.5 8.6 2.722k
34.5 8.8 1.975k
34.5 9 1.768k
34.5 9.2 5.939k
34.5 9.4 1.941k
34.5 9.6 1.179k
34.5 9.8 2.477k
34.5 10 2.877k
35 1 288.82
35 1.2 335.947
35 1.4 382.654
35 1.6 445.215
35 1.8 478.368
35 2 523.012
35 2.2 569.977
35 2.4 619.677
35 2.6 702.507
35 2.8 714.203
35 3 790.865
35 3.2 823.051
35 3.4 824.742
35 3.6 972.602
35 3.8 999.713
35 4 999.728
35 4.2 5k
35 4.4 1.59k
35 4.6 2.777k
35 4.8 2.437k
35 5 3.357k
35 5.2 1.984k
35 5.4 4.012k
35 5.6 4.501k
35 5.8 2.507k
35 6 1.622k
35 6.2 3.184k
35 6.4 6.474k
35 6.6 4.29k
35 6.8 4.208k
35 7 4.39k
35 7.2 3.643k
35 7.4 4.129k
35 7.6 2.834k
35 8 1.182k
35 8.2 2.503k
35 8.4 4.316k
35 8.6 892.857
35 8.8 1.85k
35 9 1.231k
35 9.2 1.55k
35 9.4 3.027k
35 9.6 1.966k
35 9.8 8.236k
35 10 1.485k
35.5 1.2 350.026
35.5 1.4 384.185
35.5 1.6 433.825
35.5 1.8 481.182
35.5 2 536.306
35.5 2.2 567.439
35.5 2.4 620.134
35.5 2.6 695.649
35.5 2.8 707.403
35.5 3 792.119
35.5 3.2 833.341
35.5 3.4 824.742
35.5 3.6 949.972
35.5 3.8 987.887
35.5 4 975.61
35.5 4.2 5k
35.5 4.4 1.558k
35.5 4.6 3.075k
35.5 4.8 2.867k
35.5 5 2.599k
35.5 5.2 6.076k
35.5 5.4 3.006k
35.5 5.6 2.041k
35.5 5.8 3.166k
35.5 6 2.33k
35.5 6.2 2.737k
35.5 6.4 3.614k
35.5 6.6 3.491k
35.5 6.8 5.665k
35.5 7.4 1.305k
35.5 7.6 6.887k
35.5 7.8 2.215k
35.5 8 1.795k
35.5 8.4 2.121k
35.5 8.6 3.895k
35.5 8.8 4.251k
35.5 9 2.501k
35.5 9.2 3.785k
35.5 9.4 2.348k
35.5 9.6 1.617k
35.5 9.8 3.565k
35.5 10 2.006k
36 1 5.008k
36 1.2 337.355
36 1.4 383.669
36 1.6 432.053
36 1.8 491.017
36 2 552.479
36 2.2 583.4
36 2.4 620.723
36 2.6 689.737
36 2.8 714.169
36 3 793.229
36 3.2 823.195
36 3.4 816.052
36 3.6 975.239
36 3.8 999.749
36 4 1.005k
36 4.2 5.387k
36 4.4 4.414k
36 4.6 2.235k
36 4.8 1.707k
36 5 2.054k
36 5.2 2.273k
36 5.4 2.077k
36 5.6 1.567k
36 5.8 2.505k
36 6 3.459k
36 6.2 1.936k
36 6.4 2.275k
36 6.6 4.443k
36 6.8 2.854k
36 7 4.103k
36 7.2 4.447k
36 7.4 2.051k
36 7.6 7.273k
36 7.8 4.317k
36 8 3.013k
36 8.2 3.5k
36 8.4 1.529k
36 8.6 4.303k
36 8.8 1.281k
36 9 2.241k
36 9.2 5.984k
36 9.4 3.902k
36 9.6 2.099k
36 9.8 4.912k
36 10 3.254k
36.5 1 291.705
36.5 1.2 340.332
36.5 1.4 384.127
36.5 1.6 432.399
36.5 1.8 484.651
36.5 2 543.895
36.5 2.2 579.742
36.5 2.4 620.134
36.5 2.6 710.5
36.5 2.8 714.179
36.5 3 809.241
36.5 3.2 823.135
36.5 3.4 884.498
36.5 3.6 961.277
36.5 3.8 999.517
36.5 4 1.008k
36.5 4.2 2.403k
36.5 4.4 861.145
36.5 4.6 5.165k
36.5 4.8 2.042k
36.5 5 2.263k
36.5 5.2 2.563k
36.5 5.4 2.139k
36.5 5.6 2.299k
36.5 5.8 4.77k
36.5 6 3.613k
36.5 6.2 3.218k
36.5 6.4 3.018k
36.5 6.6 5.091k
36.5 6.8 2.143k
36.5 7.2 2.394k
36.5 7.4 1.538k
36.5 7.6 3.453k
36.5 7.8 1.647k
36.5 8 2.393k
36.5 8.2 6.674k
36.5 8.4 5.888k
36.5 8.6 2.685k
36.5 8.8 1.983k
36.5 9 4.052k
36.5 9.4 5.119k
36.5 9.6 6k
36.5 9.8 3.587k
36.5 10 966.677
37 1 290.199
37 1.2 336.688
37 1.4 390.462
37 1.6 441.846
37 1.8 487.953
37 2 525.981
37 2.2 574.573
37 2.4 609.523
37 2.6 702.479
37 2.8 723.36
37 3 798.508
37 3.2 823.239
37 3.4 814.148
37 3.6 947.5
37 3.8 999.822
37 4 987.675
37 4.2 6.699k
37 4.4 1.352k
37 4.6 3.299k
37 4.8 4.486k
37 5 2.482k
37 5.2 3.551k
37 5.4 2.849k
37 5.6 5.457k
37 5.8 2.693k
37 6 6.821k
37 6.2 5.722k
37 6.4 3.562k
37 6.6 2.174k
37 6.8 3.875k
37 7 3.73k
37 7.2 3.446k
37 7.4 3.881k
37 7.6 2.746k
37 8 2.372k
37 8.2 1.918k
37 8.4 1.626k
37 8.6 2.066k
37 8.8 4.472k
37 9 4.22k
37 9.2 1.736k
37 9.4 2.287k
37 9.6 3.546k
37 9.8 1.41k
37 10 4.616k
37.5 1 290.704
37.5 1.2 352.643
37.5 1.4 385.802
37.5 1.6 441.723
37.5 1.8 482.149
37.5 2 547.965
37.5 2.2 563.309
37.5 2.4 620.155
37.5 2.6 683.024
37.5 2.8 714.179
37.5 3 817.546
37.5 3.2 824.742
37.5 3.4 834.93
37.5 3.6 952.576
37.5 3.8 999.761
37.5 4 1.002k
37.5 4.2 2.929k
37.5 4.4 2.434k
37.5 4.6 4.52k
37.5 4.8 1.917k
37.5 5 4.368k
37.5 5.2 3.667k
37.5 5.4 2.393k
37.5 5.6 985.958
37.5 5.8 2.339k
37.5 6 4.358k
37.5 6.2 2.834k
37.5 6.4 1.529k
37.5 6.6 3.314k
37.5 6.8 2.063k
37.5 7 3.392k
37.5 7.2 2.383k
37.5 7.4 2.165k
37.5 7.6 1.632k
37.5 7.8 1.721k
37.5 8 1.002k
37.5 8.2 2.255k
37.5 8.4 695.239
37.5 8.6 1.587k
37.5 8.8 3.083k
37.5 9 1.812k
37.5 9.2 4.986k
37.5 9.4 979.184
37.5 9.6 2.202k
37.5 9.8 3.861k
37.5 10 1.845k
38 1.2 338.207
38 1.4 383.719
38 1.6 436.529
38 1.8 490.819
38 2 544.574
38 2.2 571.428
38 2.4 625.005
38 2.6 691.209
38 2.8 714.184
38 3 809.477
38 3.2 833.28
38 3.4 826.113
38 3.6 963.74
38 3.8 999.814
38 4 975.61
38 4.2 5.001k
38 4.4 2.789k
38 4.6 3.714k
38 4.8 2.633k
38 5 2.396k
38 5.2 2.928k
38 5.4 2.442k
38 5.6 1.434k
38 5.8 3.095k
38 6 6.322k
38 6.2 3.624k
38 6.4 3.458k
38 6.6 1.544k
38 6.8 1.641k
38 7 3.499k
38 7.2 2.4k
38 7.4 3.395k
38 7.6 1.73k
38 7.8 2.476k
38 8 3.14k
38 8.2 1.655k
38 8.4 2.749k
38 8.6 1.007k
38 8.8 782.735
38 9 1.531k
38 9.2 5.96k
38 9.4 1.13k
38 9.6 1.906k
38 9.8 6.411k
38 10 4.715k
38.5 1 290.925
38.5 1.2 343.577
38.5 1.4 392.021
38.5 1.6 439.878
38.5 1.8 484.419
38.5 2 533.633
38.5 2.2 579.705
38.5 2.4 625.628
38.5 2.6 694.817
38.5 2.8 709.178
38.5 3 792.156
38.5 3.2 833.342
38.5 3.4 826.048
38.5 3.6 980.264
38.5 3.8 999.743
38.5 4 975.775
38.5 4.2 2.17k
38.5 4.4 4.86k
38.5 4.6 2.052k
38.5 4.8 4.627k
38.5 5 3.082k
38.5 5.2 1.886k
38.5 5.4 4.245k
38.5 5.6 1.885k
38.5 5.8 3.725k
38.5 6 3.008k
38.5 6.2 2.342k
38.5 6.4 5.127k
38.5 6.6 2.773k
38.5 6.8 2.957k
38.5 7 3.175k
38.5 7.2 1.064k
38.5 7.4 2.63k
38.5 7.6 6.016k
38.5 7.8 5.676k
38.5 8 4.373k
38.5 8.2 3.836k
38.5 8.4 3.725k
38.5 8.6 4.736k
38.5 8.8 3.52k
38.5 9 2.024k
38.5 9.2 3.994k
38.5 9.4 3.151k
38.5 9.6 5.407k
38.5 9.8 5.845k
38.5 10 4.923k
39 1 613.866
39 1.2 368.833
39 1.4 398.209
39 1.6 428.555
39 1.8 487.58
39 2 531.817
39 2.2 561.76
39 2.4 614.826
39 2.6 704.397
39 2.8 714.185
39 3 788.352
39 3.2 824.743
39 3.4 896.383
39 3.6 939.192
39 3.8 999.78
39 4 1.003k
39 4.2 5.661k
39 4.4 4.915k
39 4.6 1.597k
39 4.8 2.482k
39 5 3.233k
39 5.2 1.717k
39 5.4 3.087k
39 5.6 4.493k
39 5.8 1.035k
39 6 1.595k
39 6.2 4.672k
39 6.4 3.599k
39 6.6 4.282k
39 6.8 1.563k
39 7 1.751k
39 7.2 3.481k
39 7.4 2.353k
39 7.6 6.358k
39 7.8 2.578k
39 8 2.846k
39 8.2 4.433k
39 8.4 2.969k
39 8.6 2.917k
39 8.8 1.902k
39 9 3.905k
39 9.2 1.917k
39 9.4 5.718k
39 9.6 4.437k
39 9.8 1.523k
39 10 5.397k
39.5 1 291.554
39.5 1.4 392.17
39.5 1.6 447.193
39.5 1.8 487.794
39.5 2 547.946
39.5 2.2 570.066
39.5 2.4 625.005
39.5 2.6 695.652
39.5 2.8 714.186
39.5 3 793.191
39.5 3.2 833.351
39.5 3.4 834.895
39.5 3.6 961.459
39.5 3.8 999.786
39.5 4 975.61
39.5 4.2 1.204k
39.5 4.4 2.207k
39.5 4.6 3.981k
39.5 4.8 2.031k
39.5 5 4.286k
39.5 5.2 1.436k
39.5 5.4 3.154k
39.5 5.6 3.296k
39.5 5.8 1.089k
39.5 6 2.091k
39.5 6.2 3.867k
39.5 6.4 3.027k
39.5 6.6 6.32k
39.5 6.8 3.256k
39.5 7 2.722k
39.5 7.2 2.105k
39.5 7.4 1.973k
39.5 7.6 3.878k
39.5 7.8 3.112k
39.5 8 4.345k
39.5 8.2 2.357k
39.5 8.4 872.663
39.5 8.6 3k
39.5 8.8 1.442k
39.5 9 2.292k
39.5 9.2 1.935k
39.5 9.4 2.679k
39.5 9.6 2.053k
39.5 9.8 4.02k
39.5 10 2.021k
40 1.2 343.359
40 1.4 396.259
40 1.6 439.411
40 1.8 484.638
40 2 552.451
40 2.2 586.919
40 2.4 614.18
40 2.6 682.161
40 2.8 707.707
40 3 808.089
40 3.2 834.978
40 3.4 815.217
40 3.6 970.274
40 3.8 999.784
40 4 987.654
40 4.2 2.265k
40 4.4 1.408k
40 4.6 2.172k
40 4.8 3.152k
40 5 6.56k
40 5.2 4.381k
40 5.4 1.697k
40 5.6 6.788k
40 5.8 6.192k
40 6 4.865k
40 6.2 7.754k
40 6.4 1.996k
40 6.6 6.313k
40 6.8 1.739k
40 7 2.976k
40 7.2 3.937k
40 7.4 4.843k
40 7.8 5.74k
40 8 1.942k
40 8.2 4.068k
40 8.4 2.929k
40 8.6 2.864k
40 8.8 3.742k
40 9 6.364k
40 9.2 4.97k
40 9.4 4.559k
40 9.6 1.513k
40 9.8 3.133k
40 10 2.458k
