20 1 280.4150982
20 1.1 302.8306335
20 1.2 327.7249378
20 1.3 349.6478144
20 1.4 375.5376248
20 1.5 403.8167044
20 1.6 428.0578364
20 1.7 449.9581336
20 1.8 485.7943033
20 1.9 500.0126225
20 2 512.8186346
20 2.1 540.2003851
20 2.2 555.4939448
20 2.3 622.6372783
20 2.4 621.1599779
20 2.5 625.0030056
20 2.6 636.5113034
20 2.7 695.6467901
20 2.8 715.0547213
20 2.9 700.2712723
20 3 748.6711007
20 3.1 824.6987865
20 3.2 824.7975703
20 3.3 833.3409997
20 3.4 814.8870563
20 3.5 821.985999
20 3.6 828.0322334
20 3.7 941.3078035
20 3.8 990.5558297
20 3.9 999.732995
20 4 975.6097561
21 1.2 336.1791681
21 1.3 352.2921317
21 1.4 379.3148547
21 1.5 412.3801299
21 1.6 425.8014522
21 1.7 441.6732366
21 1.8 478.8582458
21 1.9 493.8270764
21 2 541.9932786
21 2.1 532.6241976
21 2.2 555.9552236
21 2.3 605.0768991
21 2.4 615.3846154
21 2.5 625.0047939
21 2.6 669.8927422
21 2.7 688.0542722
21 2.8 708.0337087
21 2.9 733.025375
21 3 709.2667121
21 3.1 810.7955445
21 3.2 823.2386577
21 3.3 833.3412571
21 3.4 816.3265306
21 3.5 834.9964812
21 3.6 871.065817
21 3.7 952.3809524
21 3.8 990.3097982
21 3.9 999.4688005
21 4 973.2670227
22 1 291.1048474
22 1.1 305.794259
22 1.2 327.7421204
22 1.3 354.073735
22 1.4 372.8453342
22 1.5 406.3256187
22 1.6 418.2343046
22 1.7 449.7965915
22 1.8 485.7171536
22 1.9 487.4714925
22 2 530.10284
22 2.1 555.8727705
22 2.2 555.475799
22 2.3 596.5078695
22 2.4 620.7530093
22 2.5 625.0047722
22 2.6 660.9984714
22 2.7 708.6481134
22 2.8 701.7534062
22 2.9 700.3970128
22 3 768.1476948
22 3.1 809.3907817
22 3.2 834.9715173
22 3.3 833.3412578
22 3.4 816.3441774
22 3.5 823.7255677
22 3.6 888.8097307
22 3.7 987.2912641
22 3.8 1002.71362
22 3.9 999.7755017
22 4 959.0588794
